xof 0303txt 0032
template Frame {
 <3d82ab46-62da-11cf-ab39-0020af71e433>
 [...]
}

template Matrix4x4 {
 <f6f23f45-7686-11cf-8f52-0040333594a3>
 array FLOAT matrix[16];
}

template FrameTransformMatrix {
 <f6f23f41-7686-11cf-8f52-0040333594a3>
 Matrix4x4 frameMatrix;
}


Frame Bone001 {
 

 FrameTransformMatrix {
  0.999886,0.007781,-0.012930,0.000000,-0.007781,0.999970,0.000101,0.000000,0.012930,0.000000,0.999916,0.000000,-1.744447,-0.019732,-0.192996,1.000000;;
 }

 Frame Bone002 {
  

  FrameTransformMatrix {
   1.000000,0.000000,0.000000,0.000000,0.000000,1.000000,0.000000,0.000000,0.000000,0.000000,1.000000,0.000000,1.075787,-0.000000,0.000000,1.000000;;
  }
 }

 Frame Bone005 {
  

  FrameTransformMatrix {
   0.568114,-0.093138,0.817662,0.000000,0.084991,0.994902,0.054275,0.000000,-0.818549,0.038660,0.573134,0.000000,1.580930,0.004736,6.261955,1.000000;;
  }

  Frame Bone006 {
   

   FrameTransformMatrix {
    1.000000,-0.000000,-0.000000,0.000000,0.000000,1.000000,0.000000,0.000000,-0.000000,0.000000,1.000000,0.000000,2.209856,0.000002,0.000000,1.000000;;
   }
  }
 }

 Frame Bone009 {
  

  FrameTransformMatrix {
   -0.935654,-0.057722,-0.348167,0.000000,-0.053149,0.998329,-0.022679,0.000000,0.348895,-0.002715,-0.937158,0.000000,-0.605099,0.395994,8.230117,1.000000;;
  }

  Frame Bone010 {
   

   FrameTransformMatrix {
    1.000000,-0.000000,-0.000000,0.000000,-0.000000,1.000000,-0.000000,0.000000,0.000000,-0.000000,1.000000,0.000000,3.661089,-0.000000,-0.000001,1.000000;;
   }
  }
 }

 Frame Bone011 {
  

  FrameTransformMatrix {
   -0.946645,-0.063480,0.315965,0.000000,-0.059432,0.997980,0.022441,0.000000,-0.316752,0.002465,-0.948505,0.000000,-0.390182,0.406874,-8.383111,1.000000;;
  }

  Frame Bone012 {
   

   FrameTransformMatrix {
    1.000000,0.000000,0.000000,0.000000,0.000000,1.000000,-0.000000,0.000000,-0.000000,0.000000,1.000000,0.000000,3.721319,-0.000002,0.000001,1.000000;;
   }
  }
 }

 Frame Bone007 {
  

  FrameTransformMatrix {
   0.597631,0.018843,-0.801550,0.000000,-0.013118,0.999820,0.013724,0.000000,0.801664,0.002313,0.597770,0.000000,1.744130,0.003466,-6.359006,1.000000;;
  }

  Frame Bone008 {
   

   FrameTransformMatrix {
    1.000000,0.000000,-0.000000,0.000000,-0.000000,1.000000,0.000000,0.000000,0.000000,-0.000000,1.000000,0.000000,2.229027,0.000004,-0.000001,1.000000;;
   }
  }
 }

 Frame Bone003 {
  

  FrameTransformMatrix {
   0.999947,0.008129,-0.006287,0.000000,-0.008128,0.999967,0.000100,0.000000,0.006287,-0.000049,0.999980,0.000000,-4.018430,0.054950,-0.007138,1.000000;;
  }

  Frame Bone004 {
   

   FrameTransformMatrix {
    1.000000,0.000000,0.000000,0.000000,0.000000,1.000000,0.000000,0.000000,0.000000,0.000000,1.000000,0.000000,1.052506,0.000000,0.000000,1.000000;;
   }
  }
 }
}