xof 0303txt 0032
template Frame {
 <3d82ab46-62da-11cf-ab39-0020af71e433>
 [...]
}

template Matrix4x4 {
 <f6f23f45-7686-11cf-8f52-0040333594a3>
 array FLOAT matrix[16];
}

template FrameTransformMatrix {
 <f6f23f41-7686-11cf-8f52-0040333594a3>
 Matrix4x4 frameMatrix;
}


Frame Bone003 {
 

 FrameTransformMatrix {
  0.000000,1.000000,0.000000,0.000000,-0.983432,0.000000,0.181278,0.000000,0.181278,-0.000000,0.983432,0.000000,0.902247,-1.883240,-0.000016,1.000000;;
 }

 Frame Bone004 {
  

  FrameTransformMatrix {
   0.999765,-0.021315,0.003928,0.000000,0.020706,0.992855,0.117513,0.000000,-0.006405,-0.117404,0.993063,0.000000,149.632205,-0.000009,-0.000043,1.000000;;
  }

  Frame Bone005 {
   

   FrameTransformMatrix {
    1.000000,0.000000,-0.000000,0.000000,-0.000000,1.000000,-0.000000,0.000000,0.000000,-0.000000,1.000000,0.000000,448.89667,-0.000069,0.000122,1.000000;;
   }
  }

  Frame Bone010 {
   

   FrameTransformMatrix {
    -0.378155,-0.884388,0.273602,0.000000,0.925743,-0.361261,0.111763,0.000000,-0.000000,0.295549,0.955328,0.000000,748.33280,0.190125,-0.058571,1.000000;;
   }

   Frame Bone011 {
    

    FrameTransformMatrix {
     1.000000,0.000000,0.000000,0.000000,0.000000,1.000000,0.000000,0.000000,-0.000000,0.000000,1.000000,0.000000,326.296141,0.000000,0.000000,1.000000;;
    }
   }
  }

  Frame Bone012 {
   

   FrameTransformMatrix {
    -0.398037,0.262871,0.878900,0.000000,0.917113,0.136661,0.374469,0.000000,-0.021674,0.955104,-0.295479,0.000000,748.33274,0.190060,-0.058560,1.000000;;
   }

   Frame Bone013 {
    

    FrameTransformMatrix {
     1.000000,0.000000,0.000000,0.000000,0.000000,1.000000,0.000000,0.000000,0.000000,-0.000000,1.000000,0.000000,326.296141,0.000000,0.000000,1.000000;;
    }
   }
  }

  Frame Bone014 {
   

   FrameTransformMatrix {
    -0.417919,0.867900,-0.268502,0.000000,0.908485,0.399250,-0.123515,0.000000,0.000000,-0.295549,-0.955328,0.000000,748.33280,0.190003,-0.058497,1.000000;;
   }

   Frame Bone015 {
    

    FrameTransformMatrix {
     1.000000,0.000000,-0.000000,0.000000,-0.000000,1.000000,0.000000,0.000000,0.000000,-0.000000,1.000000,0.000000,326.296090,0.000000,-0.000067,1.000000;;
    }
   }
  }

  Frame Bone006 {
   

   FrameTransformMatrix {
    0.999765,0.020706,-0.006405,0.000000,-0.010356,0.715969,0.698056,0.000000,0.019040,-0.697826,0.716015,0.000000,748.33280,0.190003,-0.058501,1.000000;;
   }

   Frame Bone007 {
    

    FrameTransformMatrix {
     1.000000,0.000000,-0.000000,0.000000,0.000000,1.000000,0.000000,0.000000,0.000000,-0.000000,1.000000,0.000000,299.264538,-0.000023,0.000048,1.000000;;
    }
   }
  }

  Frame Bone008 {
   

   FrameTransformMatrix {
    -0.398036,-0.279359,-0.873800,0.000000,0.917114,-0.098673,-0.386221,0.000000,0.021674,-0.955104,0.295479,0.000000,748.33267,0.190062,-0.058539,1.000000;;
   }

   Frame Bone009 {
    

    FrameTransformMatrix {
     1.000000,0.000000,0.000000,0.000000,0.000000,1.000000,-0.000000,0.000000,0.000000,0.000000,1.000000,0.000000,326.296141,0.000061,-0.000050,1.000000;;
    }
   }
  }
 }
}