xof 0303txt 0032
template Frame {
 <3d82ab46-62da-11cf-ab39-0020af71e433>
 [...]
}

template Matrix4x4 {
 <f6f23f45-7686-11cf-8f52-0040333594a3>
 array FLOAT matrix[16];
}

template FrameTransformMatrix {
 <f6f23f41-7686-11cf-8f52-0040333594a3>
 Matrix4x4 frameMatrix;
}


Frame Bip01 {
 

 FrameTransformMatrix {
  -0.071590,0.042952,-0.996509,0.000000,0.003078,0.999077,0.042842,0.000000,0.997429,-0.000000,-0.071656,0.000000,0.000000,10.868242,1.149328,1.000000;;
 }

 Frame Bip01_Pelvis {
  

  FrameTransformMatrix {
   0.000000,1.000000,-0.000001,0.000000,-0.000001,0.000001,1.000000,0.000000,1.000000,0.000000,0.000001,0.000000,-0.139882,0.000000,-0.000000,1.000000;;
  }

  Frame Bip01_Spine {
   

   FrameTransformMatrix {
    0.998863,0.000001,0.047677,0.000000,-0.000002,1.000000,0.000004,0.000000,-0.047677,-0.000004,0.998863,0.000000,1.038576,0.000001,-0.000935,1.000000;;
   }

   Frame Bip01_Spine1 {
    

    FrameTransformMatrix {
     0.996433,0.000000,0.084385,0.000000,-0.000000,1.000000,-0.000000,0.000000,-0.084385,-0.000000,0.996433,0.000000,1.175794,0.000000,-0.000850,1.000000;;
    }

    Frame Bip01_Spine2 {
     

     FrameTransformMatrix {
      0.954432,0.000001,0.298429,0.000000,-0.000001,1.000000,-0.000000,0.000000,-0.298429,-0.000000,0.954432,0.000000,1.072317,-0.000000,-0.001707,1.000000;;
     }

     Frame Bip01_Neck {
      

      FrameTransformMatrix {
       0.884139,0.000001,0.467223,0.000000,-0.000001,1.000000,-0.000000,0.000000,-0.467223,-0.000000,0.884139,0.000000,2.245749,0.000000,-0.000578,1.000000;;
      }

      Frame Bip01_Head {
       

       FrameTransformMatrix {
        0.780940,-0.001747,-0.624604,0.000000,-0.016717,0.999579,-0.023697,0.000000,0.624383,0.028948,0.780582,0.000000,0.820562,0.000000,0.000000,1.000000;;
       }
      }

      Frame Bip01_L_Clavicle {
       

       FrameTransformMatrix {
        -0.208853,0.964454,0.161891,0.000000,0.859016,0.260043,-0.440987,0.000000,-0.467411,0.046965,-0.882792,0.000000,0.000000,0.392461,0.000652,1.000000;;
       }

       Frame Bip01_L_UpperArm {
        

        FrameTransformMatrix {
         0.473570,-0.843459,0.253594,0.000000,0.832530,0.522652,0.183656,0.000000,-0.287447,0.124150,0.949716,0.000000,1.503996,0.000000,0.000000,1.000000;;
        }

        Frame Bip01_L_Forearm {
         

         FrameTransformMatrix {
          0.120301,0.000000,-0.992737,0.000000,0.000000,1.000000,-0.000000,0.000000,0.992737,0.000000,0.120301,0.000000,2.542926,0.000000,0.000000,1.000000;;
         }

         Frame Bip01_L_Hand {
          

          FrameTransformMatrix {
           0.900798,0.405343,0.155754,0.000000,0.204271,-0.712070,0.671736,0.000000,0.383191,-0.573283,-0.724232,0.000000,2.896986,0.000000,0.000000,1.000000;;
          }

          Frame Bip01_L_Finger0 {
           

           FrameTransformMatrix {
            0.859250,-0.508110,0.059273,0.000000,0.363198,0.524350,-0.770159,0.000000,0.360246,0.683286,0.635092,0.000000,0.710973,-0.414135,0.129369,1.000000;;
           }

           Frame Bip01_L_Finger01 {
            

            FrameTransformMatrix {
             0.996450,0.000000,0.084192,0.000000,-0.000000,1.000000,0.000000,0.000000,-0.084192,-0.000000,0.996450,0.000000,0.384852,0.000001,0.000000,1.000000;;
            }

            Frame Bip01_L_Finger02 {
             

             FrameTransformMatrix {
              1.000000,-0.000000,0.000000,0.000000,0.000000,1.000000,0.000000,0.000000,-0.000000,-0.000000,1.000000,0.000000,0.385459,-0.000000,0.000000,1.000000;;
             }
            }
           }
          }

          Frame Bip01_L_Finger1 {
           

           FrameTransformMatrix {
            0.991011,-0.000107,0.133781,0.000000,0.000000,1.000000,0.000796,0.000000,-0.133781,-0.000789,0.991011,0.000000,1.207231,-0.323857,0.005048,1.000000;;
           }

           Frame Bip01_L_Finger11 {
            

            FrameTransformMatrix {
             0.838246,-0.000000,0.545292,0.000000,0.000000,1.000000,0.000000,0.000000,-0.545292,0.000000,0.838246,0.000000,0.510192,0.000001,-0.000000,1.000000;;
            }

            Frame Bip01_L_Finger12 {
             

             FrameTransformMatrix {
              1.000000,0.000000,0.000000,0.000000,0.000000,1.000000,-0.000000,0.000000,-0.000000,0.000000,1.000000,0.000000,0.679383,0.000000,0.000000,1.000000;;
             }
            }
           }
          }

          Frame Bip01_L_Finger2 {
           

           FrameTransformMatrix {
            0.902557,-0.000343,0.430569,0.000000,0.000000,1.000000,0.000796,0.000000,-0.430569,-0.000719,0.902557,0.000000,1.205762,-0.048615,-0.006790,1.000000;;
           }

           Frame Bip01_L_Finger21 {
            

            FrameTransformMatrix {
             0.793373,0.000000,0.608736,0.000000,0.000000,1.000000,0.000000,0.000000,-0.608736,-0.000000,0.793373,0.000000,0.506202,0.000000,-0.000000,1.000000;;
            }

            Frame Bip01_L_Finger22 {
             

             FrameTransformMatrix {
              1.000000,0.000000,-0.000000,0.000000,-0.000000,1.000000,0.000000,0.000000,-0.000000,-0.000000,1.000000,0.000000,0.666978,0.000000,0.000000,1.000000;;
             }
            }
           }
          }

          Frame Bip01_L_Finger3 {
           

           FrameTransformMatrix {
            0.753320,-0.000524,0.657654,0.000000,0.000000,1.000000,0.000796,0.000000,-0.657654,-0.000600,0.753320,0.000000,1.198944,0.223684,-0.001425,1.000000;;
           }

           Frame Bip01_L_Finger31 {
            

            FrameTransformMatrix {
             0.793373,0.000000,0.608736,0.000000,0.000000,1.000000,0.000000,0.000000,-0.608736,-0.000000,0.793373,0.000000,0.525596,0.000000,-0.000000,1.000000;;
            }

            Frame Bip01_L_Finger32 {
             

             FrameTransformMatrix {
              1.000000,-0.000000,-0.000000,0.000000,-0.000000,1.000000,-0.000000,0.000000,-0.000000,0.000000,1.000000,0.000000,0.571337,0.000000,0.000001,1.000000;;
             }
            }
           }
          }

          Frame Bip01_L_Finger4 {
           

           FrameTransformMatrix {
            0.514552,0.380210,0.768555,0.000000,-0.671668,0.735886,0.085637,0.000000,-0.533009,-0.560278,0.634026,0.000000,1.103013,0.457295,0.072794,1.000000;;
           }

           Frame Bip01_L_Finger41 {
            

            FrameTransformMatrix {
             0.513725,0.000000,0.857955,0.000000,0.000000,1.000000,-0.000000,0.000000,-0.857955,0.000000,0.513725,0.000000,0.447390,0.000000,0.000000,1.000000;;
            }

            Frame Bip01_L_Finger42 {
             

             FrameTransformMatrix {
              1.000000,-0.000000,0.000000,0.000000,-0.000000,1.000000,-0.000000,0.000000,-0.000000,0.000000,1.000000,0.000000,0.400813,-0.000000,0.000000,1.000000;;
             }
            }
           }
          }
         }
        }
       }
      }

      Frame Bip01_R_Clavicle {
       

       FrameTransformMatrix {
        -0.208853,-0.964453,0.161896,0.000000,-0.859016,0.260046,0.440986,0.000000,-0.467411,-0.046970,-0.882792,0.000000,0.000000,-0.392461,0.000654,1.000000;;
       }

       Frame Bip01_R_UpperArm {
        

        FrameTransformMatrix {
         0.423610,0.775526,0.468095,0.000000,-0.901245,0.308816,0.303959,0.000000,0.091173,-0.550629,0.829757,0.000000,1.503996,0.000000,0.000000,1.000000;;
        }

        Frame Bip01_R_Forearm {
         

         FrameTransformMatrix {
          0.045186,-0.000000,-0.998979,0.000000,-0.000000,1.000000,0.000000,0.000000,0.998979,0.000000,0.045186,0.000000,2.542929,0.000000,0.000000,1.000000;;
         }

         Frame Bip01_R_Hand {
          

          FrameTransformMatrix {
           0.938625,0.174640,0.297462,0.000000,0.236336,0.302548,-0.923369,0.000000,-0.251254,0.936998,0.242705,0.000000,2.896986,-0.000000,-0.000000,1.000000;;
          }

          Frame Bip01_R_Finger0 {
           

           FrameTransformMatrix {
            0.891289,0.138177,-0.431871,0.000000,0.258334,0.628007,0.734078,0.000000,0.372651,-0.765842,0.524039,0.000000,0.710973,0.414134,0.129369,1.000000;;
           }

           Frame Bip01_R_Finger01 {
            

            FrameTransformMatrix {
             0.996450,0.000000,0.084192,0.000000,0.000000,1.000000,0.000000,0.000000,-0.084192,0.000000,0.996450,0.000000,0.384852,-0.000000,0.000000,1.000000;;
            }

            Frame Bip01_R_Finger02 {
             

             FrameTransformMatrix {
              1.000000,-0.000000,-0.000000,0.000000,0.000000,1.000000,0.000000,0.000000,0.000000,-0.000000,1.000000,0.000000,0.385460,0.000000,-0.000000,1.000000;;
             }
            }
           }
          }

          Frame Bip01_R_Finger1 {
           

           FrameTransformMatrix {
            -0.058493,-0.008082,0.998255,0.000000,0.115600,0.993186,0.014814,0.000000,-0.991572,0.116265,-0.057160,0.000000,1.207232,0.323857,0.005048,1.000000;;
           }

           Frame Bip01_R_Finger11 {
            

            FrameTransformMatrix {
             0.152777,-0.008877,0.988221,0.000000,0.116296,0.993173,-0.009058,0.000000,-0.981394,0.116310,0.152766,0.000000,0.510192,0.000000,0.000000,1.000000;;
            }

            Frame Bip01_R_Finger12 {
             

             FrameTransformMatrix {
              0.075580,-0.008877,0.997100,0.000000,0.116648,0.993173,-0.000000,0.000000,-0.990293,0.116310,0.076099,0.000000,0.679382,-0.000000,-0.000000,1.000000;;
             }
            }
           }
          }

          Frame Bip01_R_Finger2 {
           

           FrameTransformMatrix {
            -0.072318,0.007622,0.997352,0.000000,-0.088736,0.995956,-0.014045,0.000000,-0.993426,-0.089517,-0.071349,0.000000,1.205763,0.048615,-0.006790,1.000000;;
           }

           Frame Bip01_R_Finger21 {
            

            FrameTransformMatrix {
             0.075792,0.006828,0.997100,0.000000,-0.089720,0.995967,-0.000000,0.000000,-0.993079,-0.089460,0.076099,0.000000,0.506201,0.000000,-0.000001,1.000000;;
            }

            Frame Bip01_R_Finger22 {
             

             FrameTransformMatrix {
              0.076099,0.000000,0.997100,0.000000,0.000000,1.000000,0.000000,0.000000,-0.997100,-0.000000,0.076099,0.000000,0.666979,0.000000,-0.000000,1.000000;;
             }
            }
           }
          }

          Frame Bip01_R_Finger3 {
           

           FrameTransformMatrix {
            -0.131105,0.010964,0.991309,0.000000,-0.130845,0.991000,-0.028265,0.000000,-0.982696,-0.133413,-0.128490,0.000000,1.198943,-0.223685,-0.001425,1.000000;;
           }

           Frame Bip01_R_Finger31 {
            

            FrameTransformMatrix {
             0.075416,0.010174,0.997100,0.000000,-0.133699,0.991022,0.000000,0.000000,-0.988148,-0.133311,0.076099,0.000000,0.525596,0.000000,0.000001,1.000000;;
            }

            Frame Bip01_R_Finger32 {
             

             FrameTransformMatrix {
              0.076099,-0.000000,0.997100,0.000000,0.000000,1.000000,0.000000,0.000000,-0.997100,0.000000,0.076099,0.000000,0.571337,0.000000,0.000000,1.000000;;
             }
            }
           }
          }

          Frame Bip01_R_Finger4 {
           

           FrameTransformMatrix {
            -0.168294,-0.067074,0.983453,0.000000,0.374868,0.918368,0.126785,0.000000,-0.911675,0.390001,-0.129412,0.000000,1.103013,-0.457295,0.072794,1.000000;;
           }

           Frame Bip01_R_Finger41 {
            

            FrameTransformMatrix {
             0.075416,0.010174,0.997100,0.000000,-0.133699,0.991022,0.000000,0.000000,-0.988149,-0.133311,0.076099,0.000000,0.447390,0.000000,0.000000,1.000000;;
            }

            Frame Bip01_R_Finger42 {
             

             FrameTransformMatrix {
              0.076099,0.000000,0.997100,0.000000,0.000000,1.000000,-0.000000,0.000000,-0.997100,-0.000000,0.076099,0.000000,0.400814,0.000000,0.000000,1.000000;;
             }
            }
           }
          }
         }
        }
       }
      }
     }
    }
   }

   Frame Bip01_L_Thigh {
    

    FrameTransformMatrix {
     -0.993199,0.091467,0.072036,0.000000,-0.067729,-0.957161,0.281524,0.000000,0.094701,0.274731,0.956846,0.000000,-1.037351,0.965662,0.050448,1.000000;;
    }

    Frame Bip01_L_Calf {
     

     FrameTransformMatrix {
      0.958154,-0.000000,-0.286255,0.000000,-0.000000,1.000000,0.000000,0.000000,0.286255,0.000000,0.958154,0.000000,4.551893,0.000000,-0.000000,1.000000;;
     }

     Frame Bip01_L_Foot {
      

      FrameTransformMatrix {
       0.977445,0.069296,0.199497,0.000000,-0.067050,0.997587,-0.017996,0.000000,-0.200263,0.004214,0.979733,0.000000,5.348632,-0.000000,0.000000,1.000000;;
      }

      Frame Bip01_L_Toe0 {
       

       FrameTransformMatrix {
        -0.000000,-0.000000,1.000000,0.000000,0.000000,1.000000,0.000000,0.000000,-1.000000,-0.000000,-0.000000,0.000000,1.110512,0.000000,1.623291,1.000000;;
       }
      }
     }
    }
   }

   Frame Bip01_R_Thigh {
    

    FrameTransformMatrix {
     -0.974355,-0.088664,0.206811,0.000000,0.053636,-0.984119,-0.169212,0.000000,0.218530,-0.153780,0.963637,0.000000,-1.037351,-0.965662,0.050453,1.000000;;
    }

    Frame Bip01_R_Calf {
     

     FrameTransformMatrix {
      0.950481,-0.000000,-0.310782,0.000000,0.000000,1.000000,0.000000,0.000000,0.310782,-0.000000,0.950481,0.000000,4.551892,-0.000000,0.000000,1.000000;;
     }

     Frame Bip01_R_Foot {
      

      FrameTransformMatrix {
       0.993355,-0.054712,0.101252,0.000000,0.046598,0.995637,0.080840,0.000000,-0.105233,-0.075585,0.991571,0.000000,5.348634,0.000000,0.000000,1.000000;;
      }

      Frame Bip01_R_Toe0 {
       

       FrameTransformMatrix {
        0.000000,-0.000000,1.000000,0.000000,0.000000,1.000000,0.000000,0.000000,-1.000000,0.000000,0.000000,0.000000,1.110512,0.000000,1.623291,1.000000;;
       }
      }
     }
    }
   }
  }

  Frame Bone07 {
   

   FrameTransformMatrix {
    -0.947901,0.311504,-0.066707,0.000000,-0.078355,-0.025014,0.996612,0.000000,0.308779,0.949916,0.048119,0.000000,0.714487,1.614788,0.150480,1.000000;;
   }

   Frame Bone08 {
    

    FrameTransformMatrix {
     0.988469,-0.000000,-0.151421,0.000000,0.000000,1.000000,-0.000000,0.000000,0.151420,-0.000000,0.988469,0.000000,1.560002,0.000000,-0.000009,1.000000;;
    }

    Frame Bone09 {
     

     FrameTransformMatrix {
      0.998175,-0.000000,-0.060386,0.000000,0.000000,1.000000,0.000000,0.000000,0.060386,-0.000000,0.998175,0.000000,1.902919,0.000000,-0.000000,1.000000;;
     }

     Frame Bone10 {
      

      FrameTransformMatrix {
       1.000000,0.000000,0.000000,0.000000,0.000000,1.000000,0.000000,0.000000,-0.000000,-0.000000,1.000000,0.000000,1.391010,0.000000,0.000000,1.000000;;
      }
     }
    }
   }
  }

  Frame Bone14 {
   

   FrameTransformMatrix {
    -0.951298,-0.000000,-0.308273,0.000000,-0.000001,1.000000,0.000003,0.000000,0.308273,0.000003,-0.951298,0.000000,0.897641,0.000799,-0.924218,1.000000;;
   }

   Frame Bone15 {
    

    FrameTransformMatrix {
     0.994205,-0.000000,-0.107506,0.000000,-0.000000,1.000000,0.000000,0.000000,0.107507,-0.000000,0.994205,0.000000,1.650061,-0.000000,-0.000010,1.000000;;
    }

    Frame Bone16 {
     

     FrameTransformMatrix {
      0.999512,-0.000000,0.031227,0.000000,0.000000,1.000000,0.000000,0.000000,-0.031227,0.000000,0.999512,0.000000,1.245824,0.000000,0.000000,1.000000;;
     }

     Frame Bone17 {
      

      FrameTransformMatrix {
       1.000000,-0.000000,0.000000,0.000000,-0.000000,1.000000,0.000000,0.000000,0.000000,0.000000,1.000000,0.000000,1.595432,-0.000000,0.000000,1.000000;;
      }
     }
    }
   }
  }

  Frame Bone18 {
   

   FrameTransformMatrix {
    0.917526,0.393569,0.057013,0.000000,0.099634,-0.088710,-0.991063,0.000000,-0.384994,0.915005,-0.120606,0.000000,0.726785,-1.789890,-0.135468,1.000000;;
   }

   Frame Bone19 {
    

    FrameTransformMatrix {
     0.954609,-0.000000,-0.297861,0.000000,-0.000000,1.000000,-0.000000,0.000000,0.297861,0.000000,0.954609,0.000000,-1.560001,0.000000,0.000009,1.000000;;
    }

    Frame Bone20 {
     

     FrameTransformMatrix {
      0.998175,0.000000,-0.060386,0.000000,0.000000,1.000000,-0.000000,0.000000,0.060386,0.000000,0.998175,0.000000,-1.902917,0.000000,0.000000,1.000000;;
     }

     Frame Bone21 {
      

      FrameTransformMatrix {
       1.000000,0.000000,0.000000,0.000000,0.000000,1.000000,0.000000,0.000000,-0.000000,-0.000000,1.000000,0.000000,-1.391008,0.000000,-0.000000,1.000000;;
      }
     }
    }
   }
  }

  Frame cloth_bone05 {
   

   FrameTransformMatrix {
    -0.951734,0.301269,0.058644,0.000000,0.301071,0.953521,-0.012398,0.000000,-0.059653,0.005856,-0.998202,0.000000,1.572375,1.130795,0.715478,1.000000;;
   }

   Frame cloth_bone06 {
    

    FrameTransformMatrix {
     0.996106,-0.087155,0.013264,0.000000,0.087148,0.996195,0.001160,0.000000,-0.013315,0.000000,0.999911,0.000000,2.167610,0.000000,-0.000000,1.000000;;
    }

    Frame cloth_bone07 {
     

     FrameTransformMatrix {
      0.999654,-0.000000,0.026307,0.000000,0.000000,1.000000,-0.000000,0.000000,-0.026307,0.000000,0.999654,0.000000,2.243850,-0.000000,0.000000,1.000000;;
     }

     Frame cloth_bone08 {
      

      FrameTransformMatrix {
       0.999981,0.000000,-0.006244,0.000000,0.000000,1.000000,-0.000001,0.000000,0.006244,0.000001,0.999981,0.000000,2.240995,0.000000,-0.000001,1.000000;;
      }

      Frame cloth_bone09 {
       

       FrameTransformMatrix {
        0.999788,-0.000000,0.020599,0.000000,0.000000,1.000000,-0.000003,0.000000,-0.020599,0.000003,0.999788,0.000000,2.338276,-0.000000,0.000000,1.000000;;
       }

       Frame cloth_bone10 {
        

        FrameTransformMatrix {
         1.000000,-0.000000,-0.000000,0.000000,0.000000,1.000000,-0.000002,0.000000,0.000000,0.000002,1.000000,0.000000,2.164647,0.000000,-0.000000,1.000000;;
        }
       }
      }
     }
    }
   }
  }

  Frame cloth_bone00 {
   

   FrameTransformMatrix {
    -0.915811,-0.397262,0.058932,0.000000,0.398549,-0.917075,0.011487,0.000000,0.049482,0.034007,0.998196,0.000000,1.572379,-1.129204,0.715472,1.000000;;
   }

   Frame cloth_bone22 {
    

    FrameTransformMatrix {
     0.985010,-0.171997,-0.013116,0.000000,0.167834,0.973172,-0.157381,0.000000,0.039833,0.152820,0.987451,0.000000,2.167612,0.000000,0.000000,1.000000;;
    }

    Frame cloth_bone01 {
     

     FrameTransformMatrix {
      0.999654,-0.000000,-0.026307,0.000000,-0.000000,1.000000,0.000000,0.000000,0.026307,-0.000000,0.999654,0.000000,2.243849,0.000000,-0.000000,1.000000;;
     }

     Frame cloth_bone02 {
      

      FrameTransformMatrix {
       0.999981,0.000000,0.006243,0.000000,-0.000000,1.000000,0.000001,0.000000,-0.006243,-0.000001,0.999981,0.000000,2.240997,0.000000,0.000000,1.000000;;
      }

      Frame cloth_bone03 {
       

       FrameTransformMatrix {
        0.999788,0.000000,-0.020599,0.000000,0.000000,1.000000,0.000002,0.000000,0.020599,-0.000002,0.999788,0.000000,2.338276,0.000000,-0.000000,1.000000;;
       }

       Frame cloth_bone04 {
        

        FrameTransformMatrix {
         1.000000,0.000000,-0.000000,0.000000,0.000000,1.000000,0.000002,0.000000,0.000000,-0.000002,1.000000,0.000000,2.164647,0.000000,0.000000,1.000000;;
        }
       }
      }
     }
    }
   }
  }

  Frame cloth_bone21 {
   

   FrameTransformMatrix {
    -0.937346,-0.190088,-0.291976,0.000000,0.329527,-0.755799,-0.565844,0.000000,-0.113115,-0.626605,0.771084,0.000000,1.572377,-1.129199,-0.688088,1.000000;;
   }

   Frame cloth_bone23 {
    

    FrameTransformMatrix {
     0.996107,-0.087156,0.013264,0.000000,0.087148,0.996195,0.001160,0.000000,-0.013315,0.000000,0.999912,0.000000,2.167612,0.000001,0.000000,1.000000;;
    }

    Frame cloth_bone24 {
     

     FrameTransformMatrix {
      0.999654,0.000000,0.026307,0.000000,-0.000000,1.000000,-0.000000,0.000000,-0.026307,0.000000,0.999654,0.000000,2.243846,0.000000,0.000000,1.000000;;
     }

     Frame cloth_bone25 {
      

      FrameTransformMatrix {
       0.999980,0.000000,-0.006243,0.000000,-0.000000,1.000000,-0.000002,0.000000,0.006243,0.000002,0.999980,0.000000,2.240999,0.000000,-0.000000,1.000000;;
      }

      Frame cloth_bone26 {
       

       FrameTransformMatrix {
        0.999788,-0.000000,0.020599,0.000000,0.000000,1.000000,-0.000002,0.000000,-0.020599,0.000002,0.999788,0.000000,2.338275,-0.000001,0.000000,1.000000;;
       }

       Frame cloth_bone27 {
        

        FrameTransformMatrix {
         1.000000,-0.000000,-0.000000,0.000000,0.000000,1.000000,-0.000002,0.000000,0.000000,0.000002,1.000000,0.000000,2.164647,0.000000,0.000000,1.000000;;
        }
       }
      }
     }
    }
   }
  }

  Frame cloth_bone11 {
   

   FrameTransformMatrix {
    -0.950922,0.217080,-0.220508,0.000000,0.306140,0.763672,-0.568404,0.000000,0.045007,-0.608015,-0.792649,0.000000,1.572375,1.130799,-0.688081,1.000000;;
   }

   Frame cloth_bone12 {
    

    FrameTransformMatrix {
     0.996107,-0.087156,-0.013264,0.000000,0.087148,0.996195,-0.001161,0.000000,0.013315,0.000000,0.999911,0.000000,2.167610,0.000000,-0.000001,1.000000;;
    }

    Frame cloth_bone13 {
     

     FrameTransformMatrix {
      0.999654,-0.000000,-0.026307,0.000000,0.000000,1.000000,-0.000000,0.000000,0.026307,0.000000,0.999654,0.000000,2.243846,0.000000,-0.000000,1.000000;;
     }

     Frame cloth_bone14 {
      

      FrameTransformMatrix {
       0.999980,0.000000,0.006243,0.000000,-0.000001,1.000000,0.000002,0.000000,-0.006243,-0.000002,0.999981,0.000000,2.240997,-0.000000,-0.000001,1.000000;;
      }

      Frame cloth_bone15 {
       

       FrameTransformMatrix {
        0.999788,-0.000000,-0.020599,0.000000,0.000000,1.000000,0.000002,0.000000,0.020599,-0.000002,0.999788,0.000000,2.338276,-0.000002,0.000000,1.000000;;
       }

       Frame cloth_bone16 {
        

        FrameTransformMatrix {
         1.000000,-0.000000,0.000001,0.000000,0.000000,1.000000,0.000002,0.000000,-0.000001,-0.000002,1.000000,0.000000,2.164647,-0.000000,0.000001,1.000000;;
        }
       }
      }
     }
    }
   }
  }
 }
}