xof 0303txt 0032
template Frame {
 <3d82ab46-62da-11cf-ab39-0020af71e433>
 [...]
}

template Matrix4x4 {
 <f6f23f45-7686-11cf-8f52-0040333594a3>
 array FLOAT matrix[16];
}

template FrameTransformMatrix {
 <f6f23f41-7686-11cf-8f52-0040333594a3>
 Matrix4x4 frameMatrix;
}


Frame Bone005 {
 

 FrameTransformMatrix {
  -0.000000,-0.000681,0.000000,0.000000,-0.000000,-0.000000,-0.000681,0.000000,0.000681,-0.000000,-0.000000,0.000000,39.432000,34.392451,-0.000000,1.000000;;
 }

 Frame Bone006 {
  

  FrameTransformMatrix {
   1.000000,-0.000000,0.000302,0.000000,-0.000000,1.000000,0.000000,0.000000,-0.000302,-0.000000,1.000000,0.000000,3.191406,0.000001,0.003906,1.000000;;
  }

  Frame Bone007 {
   

   FrameTransformMatrix {
    1.000000,0.000000,0.000000,0.000000,0.000000,1.000000,-0.000000,0.000000,-0.000000,0.000000,1.000000,0.000000,2.835938,0.000000,0.000000,1.000000;;
   }

   Frame Bone008 {
    

    FrameTransformMatrix {
     1.000000,-0.000000,0.000000,0.000000,0.000000,1.000000,0.000002,0.000000,-0.000000,-0.000002,1.000000,0.000000,2.253906,0.000000,0.000000,1.000000;;
    }

    Frame Bone009 {
     

     FrameTransformMatrix {
      1.000000,0.000000,-0.000000,0.000000,0.000000,1.000000,-0.000000,0.000000,0.000000,0.000000,1.000000,0.000000,2.695312,0.000000,0.000000,1.000000;;
     }

     Frame Bone010 {
      

      FrameTransformMatrix {
       1.000000,-0.000000,-0.000000,0.000000,0.000000,1.000000,-0.000000,0.000000,0.000000,0.000000,1.000000,0.000000,2.437500,0.000000,0.000000,1.000000;;
      }

      Frame Bone011 {
       

       FrameTransformMatrix {
        1.000000,0.000000,0.000000,0.000000,0.000000,1.000000,0.000000,0.000000,-0.000000,-0.000000,1.000000,0.000000,2.929688,0.000000,0.000000,1.000000;;
       }

       Frame Bone012 {
        

        FrameTransformMatrix {
         1.000000,-0.000000,-0.000000,0.000000,0.000000,1.000000,0.000000,0.000000,0.000000,0.000000,1.000000,0.000000,2.136719,0.000000,0.000000,1.000000;;
        }

        Frame Bone013 {
         

         FrameTransformMatrix {
          1.000000,0.000000,0.000000,0.000000,0.000000,1.000000,0.000000,0.000000,-0.000000,0.000000,1.000000,0.000000,1.917969,0.000000,0.000000,1.000000;;
         }

         Frame Bone014 {
          

          FrameTransformMatrix {
           1.000000,-0.000000,0.000000,0.000000,0.000000,1.000000,-0.000000,0.000000,-0.000000,-0.000000,1.000000,0.000000,10.054687,0.000001,0.000000,1.000000;;
          }

          Frame Bone029 {
           

           FrameTransformMatrix {
            -0.714605,-0.000000,0.699528,0.000000,-0.000000,-1.000000,-0.000001,0.000000,0.699528,-0.000001,0.714605,0.000000,0.386719,0.000001,-1.617188,1.000000;;
           }

           Frame Bone026 {
            

            FrameTransformMatrix {
             0.979842,-0.000000,-0.199775,0.000000,0.000000,1.000000,-0.000000,0.000000,0.199775,0.000000,0.979842,0.000000,-5.242188,-0.000000,0.003906,1.000000;;
            }

            Frame Bone027 {
             

             FrameTransformMatrix {
              0.970850,0.000000,-0.239688,0.000000,-0.000000,1.000000,0.000000,0.000000,0.239688,-0.000000,0.970850,0.000000,-3.046875,-0.000000,0.001953,1.000000;;
             }

             Frame Bone028 {
              

              FrameTransformMatrix {
               0.667597,-0.000000,-0.744523,0.000000,0.000000,1.000000,-0.000000,0.000000,0.744523,0.000000,0.667597,0.000000,-2.625000,-0.000000,0.000000,1.000000;;
              }

              Frame Bone030 {
               

               FrameTransformMatrix {
                1.000000,-0.000000,-0.000000,0.000000,0.000000,1.000000,0.000000,0.000000,0.000000,0.000000,1.000000,0.000000,-5.876953,-0.000000,0.000000,1.000000;;
               }
              }
             }
            }
           }
          }

          Frame Bone015 {
           

           FrameTransformMatrix {
            0.714841,-0.000000,0.699287,0.000000,0.000000,1.000000,0.000000,0.000000,-0.699287,0.000000,0.714841,0.000000,0.386719,0.000000,1.617188,1.000000;;
           }

           Frame Bone016 {
            

            FrameTransformMatrix {
             0.979842,-0.000000,-0.199775,0.000000,-0.000000,1.000000,0.000000,0.000000,0.199775,-0.000000,0.979842,0.000000,5.238281,-0.000000,-0.007813,1.000000;;
            }

            Frame Bone017 {
             

             FrameTransformMatrix {
              0.970850,0.000000,-0.239688,0.000000,-0.000000,1.000000,-0.000000,0.000000,0.239688,-0.000000,0.970850,0.000000,3.058594,0.000000,-0.007813,1.000000;;
             }

             Frame Bone018 {
              

              FrameTransformMatrix {
               0.667597,-0.000000,-0.744523,0.000000,-0.000000,1.000000,-0.000000,0.000000,0.744523,0.000000,0.667597,0.000000,2.626953,0.000000,0.000000,1.000000;;
              }

              Frame Bone019 {
               

               FrameTransformMatrix {
                1.000000,-0.000000,-0.000000,0.000000,-0.000000,1.000000,0.000000,0.000000,0.000000,0.000000,1.000000,0.000000,5.875000,0.000001,0.000000,1.000000;;
               }
              }
             }
            }
           }
          }
         }

         Frame Bone022 {
          

          FrameTransformMatrix {
           0.342178,-0.000000,0.939636,0.000000,-2.632562,-2.801679,0.958673,0.000000,2.632558,-2.801685,-0.958672,0.000000,7.605469,-0.000002,3.320312,1.000000;;
          }

          Frame Bone023 {
           

           FrameTransformMatrix {
            1.000000,0.000000,0.000000,0.000000,0.000000,1.000000,0.000000,0.000000,0.000000,-0.000000,1.000000,0.000000,6.546875,0.000977,0.000000,1.000000;;
           }
          }
         }

         Frame Bone024 {
          

          FrameTransformMatrix {
           -0.341862,-0.000000,0.939750,0.000000,2.632883,2.801681,0.957789,0.000000,-2.632881,2.801683,-0.957788,0.000000,7.601562,0.000000,-3.320312,1.000000;;
          }

          Frame Bone025 {
           

           FrameTransformMatrix {
            1.000000,-0.000000,-0.000000,0.000000,-0.000000,1.000000,0.000000,0.000000,0.000000,-0.000000,1.000000,0.000000,-6.539062,-0.000977,0.000000,1.000000;;
           }
          }
         }

         Frame Dummy001 {
          

          FrameTransformMatrix {
           -0.249022,-0.000000,0.000042,0.000000,-0.000000,1.000000,0.000000,0.000000,-0.000168,0.000000,-1.000000,0.000000,0.976563,-0.000004,0.054688,1.000000;;
          }

          Frame Bone003 {
           

           FrameTransformMatrix {
            -0.000224,1.000000,0.000062,0.000000,0.002403,0.000291,-4.734586,0.000000,-19.012746,0.001457,0.002392,0.000000,-1.218750,0.000002,0.050781,1.000000;;
           }

           Frame Bone004 {
            

            FrameTransformMatrix {
             1.000000,-0.000000,-0.000000,0.000000,-0.000000,1.000000,0.000000,0.000000,0.000000,0.000000,1.000000,0.000000,4.082279,0.000000,0.000000,1.000000;;
            }
           }
          }
         }

         Frame Dummy002 {
          

          FrameTransformMatrix {
           -0.249022,-0.000000,0.000042,0.000000,-0.000000,1.000000,0.000000,0.000000,-0.000168,0.000000,-1.000000,0.000000,7.171875,-0.000002,0.050781,1.000000;;
          }

          Frame Bone020 {
           

           FrameTransformMatrix {
            0.000000,1.000000,0.000000,0.000000,0.000003,0.000001,-4.734586,0.000000,-19.012749,0.000004,-0.000014,0.000000,-0.312500,0.000003,0.050781,1.000000;;
           }

           Frame Bone021 {
            

            FrameTransformMatrix {
             1.000000,0.000000,-0.000000,0.000000,0.000000,1.000000,0.000000,0.000000,0.000000,-0.000000,1.000000,0.000000,4.083733,0.000000,0.000000,1.000000;;
            }
           }
          }
         }
        }
       }
      }
     }
    }
   }
  }
 }
}

Frame Bip001 {
 

 FrameTransformMatrix {
  -0.087154,0.000000,-0.996195,0.000000,-0.086824,0.996195,0.007596,0.000000,0.992404,0.087156,-0.086823,0.000000,-0.406503,11.343292,0.305879,1.000000;;
 }

 Frame Bip001_Pelvis {
  

  FrameTransformMatrix {
   0.000000,0.996195,0.087154,0.000000,-0.000001,-0.087154,0.996195,0.000000,1.000000,-0.000000,0.000001,0.000000,0.000000,0.000000,0.000000,1.000000;;
  }

  Frame Bip001_Spine {
   

   FrameTransformMatrix {
    0.998627,0.013713,0.050569,0.000000,-0.009841,0.997056,-0.076045,0.000000,-0.051463,0.075443,0.995821,0.000000,1.261446,-0.110522,-0.002270,1.000000;;
   }

   Frame Bip001_L_Thigh {
    

    FrameTransformMatrix {
     -0.948598,0.245765,0.199405,0.000000,-0.232923,-0.968697,0.085862,0.000000,0.214265,0.035002,0.976148,0.000000,-1.238290,1.561717,0.184422,1.000000;;
    }

    Frame Bip001_L_Calf {
     

     FrameTransformMatrix {
      0.892135,-0.000000,-0.451768,0.000000,0.000000,1.000000,-0.000000,0.000000,0.451768,-0.000000,0.892135,0.000000,5.504990,0.000000,-0.000000,1.000000;;
     }

     Frame Bip001_L_Foot {
      

      FrameTransformMatrix {
       0.930242,0.227490,0.287918,0.000000,-0.277390,0.949612,0.145917,0.000000,-0.240216,-0.215604,0.946473,0.000000,5.016778,-0.000000,-0.000000,1.000000;;
      }

      Frame Bip001_L_Toe0 {
       

       FrameTransformMatrix {
        -0.000000,-0.000003,1.000000,0.000000,0.000000,1.000000,0.000003,0.000000,-1.000000,0.000000,-0.000000,0.000000,1.266148,-0.000000,1.629478,1.000000;;
       }

       Frame Bip001_L_Toe0Nub {
        

        FrameTransformMatrix {
         -1.000000,0.000000,-0.000000,0.000000,0.000000,1.000000,-0.000000,0.000000,0.000000,0.000000,-1.000000,0.000000,1.452458,0.000000,0.000000,1.000000;;
        }
       }
      }
     }
    }
   }

   Frame Bip001_R_Thigh {
    

    FrameTransformMatrix {
     -0.941476,-0.192596,0.276642,0.000000,0.131747,-0.965662,-0.223922,0.000000,0.310269,-0.174370,0.934520,0.000000,-1.277877,-1.316841,-0.033389,1.000000;;
    }

    Frame Bip001_R_Calf {
     

     FrameTransformMatrix {
      0.831551,-0.000000,-0.555447,0.000000,0.000000,1.000000,0.000000,0.000000,0.555448,-0.000000,0.831552,0.000000,5.504990,-0.000000,0.000000,1.000000;;
     }

     Frame Bip001_R_Foot {
      

      FrameTransformMatrix {
       0.938414,-0.152591,0.309992,0.000000,0.162091,0.986764,-0.004960,0.000000,-0.305132,0.054901,0.950726,0.000000,5.016778,-0.000000,0.000000,1.000000;;
      }

      Frame Bip001_R_Toe0 {
       

       FrameTransformMatrix {
        0.000000,0.000001,1.000000,0.000000,-0.000000,1.000000,-0.000001,0.000000,-1.000000,-0.000000,0.000000,0.000000,1.266148,0.000000,1.629478,1.000000;;
       }

       Frame Bip001_R_Toe0Nub {
        

        FrameTransformMatrix {
         1.000000,0.000000,0.000000,0.000000,0.000000,1.000000,0.000000,0.000000,0.000000,0.000000,1.000000,0.000000,1.452458,-0.000000,0.000000,1.000000;;
        }
       }
      }
     }
    }
   }

   Frame Bip001_Spine1 {
    

    FrameTransformMatrix {
     0.994238,0.086893,-0.062776,0.000000,-0.091897,0.992404,-0.081789,0.000000,0.055192,0.087087,0.994671,0.000000,2.862469,-0.000199,-0.002267,1.000000;;
    }

    Frame Bip001_Neck {
     

     FrameTransformMatrix {
      0.954632,0.000001,0.297788,0.000000,-0.000001,1.000000,-0.000000,0.000000,-0.297788,-0.000000,0.954632,0.000000,3.099011,0.000000,0.040337,1.000000;;
     }

     Frame Bip001_Head {
      

      FrameTransformMatrix {
       0.976593,-0.212520,-0.033185,0.000000,0.213076,0.976933,0.014181,0.000000,0.029406,-0.020920,0.999349,0.000000,0.825747,0.000000,0.000000,1.000000;;
      }

      Frame Bip001_HeadNub {
       

       FrameTransformMatrix {
        1.000000,0.000000,0.000000,0.000000,-0.000000,1.000000,0.000000,0.000000,0.000000,0.000000,1.000000,0.000000,2.587345,0.000000,-0.000000,1.000000;;
       }
      }
     }

     Frame Bip001_L_Clavicle {
      

      FrameTransformMatrix {
       -0.000000,1.000000,-0.000003,0.000000,0.954395,-0.000001,-0.298548,0.000000,-0.298548,-0.000003,-0.954395,0.000000,-0.610144,1.430271,0.080836,1.000000;;
      }

      Frame Bip001_L_UpperArm {
       

       FrameTransformMatrix {
        0.377674,-0.832984,0.404350,0.000000,0.925326,0.323658,-0.197526,0.000000,0.033665,0.448756,0.893020,0.000000,1.431297,-0.000002,-0.000000,1.000000;;
       }

       Frame Bip001_L_Forearm {
        

        FrameTransformMatrix {
         0.669799,0.000000,-0.742542,0.000000,0.000000,1.000000,0.000000,0.000000,0.742542,0.000000,0.669800,0.000000,3.302995,0.000000,0.000000,1.000000;;
        }

        Frame Bip001_L_Hand {
         

         FrameTransformMatrix {
          0.995529,-0.015377,-0.093194,0.000000,0.011247,-0.960343,0.278593,0.000000,-0.093782,-0.278396,-0.955877,0.000000,3.615262,0.000000,0.000000,1.000000;;
         }

         Frame Bip001_L_Finger0 {
          

          FrameTransformMatrix {
           0.775106,-0.609757,0.165550,0.000000,0.067106,-0.181087,-0.981175,0.000000,0.628258,0.771624,-0.099444,0.000000,1.156102,-0.749282,0.235848,1.000000;;
          }

          Frame Bip001_L_Finger01 {
           

           FrameTransformMatrix {
            0.981972,-0.000000,0.189029,0.000000,0.000000,1.000000,0.000000,0.000000,-0.189029,-0.000000,0.981972,0.000000,0.527145,-0.000000,0.000000,1.000000;;
           }

           Frame Bip001_L_Finger02 {
            

            FrameTransformMatrix {
             0.981972,0.000000,0.189029,0.000000,-0.000000,1.000000,0.000000,0.000000,-0.189029,0.000000,0.981972,0.000000,0.527146,0.000000,0.000000,1.000000;;
            }

            Frame Bip001_L_Finger0Nub {
             

             FrameTransformMatrix {
              1.000000,-0.000000,0.000000,0.000000,0.000000,1.000000,-0.000000,0.000000,0.000000,0.000000,1.000000,0.000000,0.527147,0.000000,0.000000,1.000000;;
             }
            }
           }
          }
         }

         Frame Bip001_L_Finger1 {
          

          FrameTransformMatrix {
           0.991644,-0.014464,0.128193,0.000000,0.035157,0.986382,-0.160667,0.000000,-0.124123,0.163830,0.978648,0.000000,2.215676,-0.541782,0.149215,1.000000;;
          }

          Frame Bip001_L_Finger11 {
           

           FrameTransformMatrix {
            0.989317,0.000000,0.145784,0.000000,-0.000000,1.000000,0.000000,0.000000,-0.145784,0.000000,0.989317,0.000000,0.492766,0.000000,-0.000000,1.000000;;
           }

           Frame Bip001_L_Finger12 {
            

            FrameTransformMatrix {
             0.989317,-0.000000,0.145784,0.000000,-0.000000,1.000000,0.000000,0.000000,-0.145784,0.000000,0.989317,0.000000,0.492766,0.000000,0.000000,1.000000;;
            }

            Frame Bip001_L_Finger1Nub {
             

             FrameTransformMatrix {
              1.000000,0.000000,0.000000,0.000000,0.000000,1.000000,0.000000,0.000000,0.000000,0.000000,1.000000,0.000000,0.492766,0.000000,0.000000,1.000000;;
             }
            }
           }
          }
         }

         Frame Bip001_L_Finger2 {
          

          FrameTransformMatrix {
           0.955025,0.014205,0.296186,0.000000,0.035157,0.986382,-0.160667,0.000000,-0.294434,0.163853,0.941520,0.000000,2.125749,-0.100841,0.146906,1.000000;;
          }

          Frame Bip001_L_Finger21 {
           

           FrameTransformMatrix {
            0.948972,0.000000,0.315362,0.000000,0.000000,1.000000,0.000000,0.000000,-0.315362,0.000000,0.948972,0.000000,0.574893,-0.000000,-0.000000,1.000000;;
           }

           Frame Bip001_L_Finger22 {
            

            FrameTransformMatrix {
             0.903118,0.000000,0.429392,0.000000,-0.000000,1.000000,-0.000000,0.000000,-0.429392,-0.000000,0.903118,0.000000,0.491826,0.000000,0.000000,1.000000;;
            }

            Frame Bip001_L_Finger2Nub {
             

             FrameTransformMatrix {
              1.000000,0.000000,0.000000,0.000000,0.000000,1.000000,0.000000,0.000000,0.000000,-0.000000,1.000000,0.000000,0.574893,0.000000,0.000000,1.000000;;
             }
            }
           }
          }
         }

         Frame Bip001_L_Finger3 {
          

          FrameTransformMatrix {
           0.925729,0.028431,0.377117,0.000000,0.035157,0.986382,-0.160667,0.000000,-0.376550,0.161992,0.912123,0.000000,2.214108,0.356276,0.083682,1.000000;;
          }

          Frame Bip001_L_Finger31 {
           

           FrameTransformMatrix {
            0.917875,-0.000000,0.396870,0.000000,0.000000,1.000000,0.000000,0.000000,-0.396870,-0.000000,0.917875,0.000000,0.516603,-0.000000,0.000000,1.000000;;
           }

           Frame Bip001_L_Finger32 {
            

            FrameTransformMatrix {
             0.824044,0.000000,0.566526,0.000000,0.000000,1.000000,0.000000,0.000000,-0.566526,0.000000,0.824044,0.000000,0.516603,0.000000,-0.000001,1.000000;;
            }

            Frame Bip001_L_Finger3Nub {
             

             FrameTransformMatrix {
              1.000000,-0.000000,-0.000000,0.000000,0.000000,1.000000,0.000000,0.000000,0.000000,0.000000,1.000000,0.000000,0.516603,0.000000,0.000000,1.000000;;
             }
            }
           }
          }
         }

         Frame Bip001_L_Finger4 {
          

          FrameTransformMatrix {
           0.846278,0.056129,0.529777,0.000000,0.035157,0.986382,-0.160667,0.000000,-0.531580,0.154594,0.832780,0.000000,2.210801,0.775174,0.112139,1.000000;;
          }

          Frame Bip001_L_Finger41 {
           

           FrameTransformMatrix {
            0.835014,0.000000,0.550228,0.000000,0.000000,1.000000,-0.000000,0.000000,-0.550228,-0.000000,0.835014,0.000000,0.478178,-0.000000,0.000000,1.000000;;
           }

           Frame Bip001_L_Finger42 {
            

            FrameTransformMatrix {
             0.835014,0.000000,0.550228,0.000000,0.000000,1.000000,0.000000,0.000000,-0.550228,0.000000,0.835014,0.000000,0.478178,0.000000,-0.000001,1.000000;;
            }

            Frame Bip001_L_Finger4Nub {
             

             FrameTransformMatrix {
              1.000000,0.000000,-0.000000,0.000000,0.000000,1.000000,0.000000,0.000000,0.000000,0.000000,1.000000,0.000000,0.478178,0.000000,-0.000000,1.000000;;
             }
            }
           }
          }
         }
        }
       }
      }
     }

     Frame Bip001_R_Clavicle {
      

      FrameTransformMatrix {
       0.083181,-0.996195,-0.026017,0.000000,-0.950763,-0.087155,0.297412,0.000000,-0.298548,-0.000003,-0.954395,0.000000,-0.610142,-1.430271,0.080844,1.000000;;
      }

      Frame Bip001_R_UpperArm {
       

       FrameTransformMatrix {
        0.140252,0.803937,0.577940,0.000000,-0.823227,-0.229629,0.519199,0.000000,0.550115,-0.548595,0.629617,0.000000,1.431297,0.000002,-0.000000,1.000000;;
       }

       Frame Bip001_R_Forearm {
        

        FrameTransformMatrix {
         0.423955,0.000000,-0.905683,0.000000,0.000000,1.000000,0.000000,0.000000,0.905683,0.000000,0.423956,0.000000,3.302995,-0.000000,0.000000,1.000000;;
        }

        Frame Bip001_R_Hand {
         

         FrameTransformMatrix {
          0.841476,-0.536431,0.064493,0.000000,-0.037525,-0.177104,-0.983476,0.000000,0.538989,0.825152,-0.169159,0.000000,3.615262,0.000000,0.000000,1.000000;;
         }

         Frame Bip001_R_Finger0 {
          

          FrameTransformMatrix {
           0.890698,0.342047,0.299435,0.000000,-0.305020,-0.038732,0.951558,0.000000,0.337074,-0.938885,0.069833,0.000000,1.090148,0.826644,0.286740,1.000000;;
          }

          Frame Bip001_R_Finger01 {
           

           FrameTransformMatrix {
            0.953795,-0.000000,0.300459,0.000000,0.000000,1.000000,0.000000,0.000000,-0.300459,-0.000000,0.953795,0.000000,0.344062,0.000000,-0.000001,1.000000;;
           }

           Frame Bip001_R_Finger02 {
            

            FrameTransformMatrix {
             0.953795,0.000000,0.300460,0.000000,-0.000000,1.000000,-0.000000,0.000000,-0.300460,0.000000,0.953795,0.000000,0.344062,0.000000,0.000000,1.000000;;
            }

            Frame Bip001_R_Finger0Nub {
             

             FrameTransformMatrix {
              -1.000000,0.000000,-0.000000,0.000000,0.000000,1.000000,0.000000,0.000000,-0.000000,-0.000000,-1.000000,0.000000,0.344062,0.000000,0.000000,1.000000;;
             }
            }
           }
          }
         }

         Frame Bip001_R_Finger1 {
          

          FrameTransformMatrix {
           0.984808,0.000138,0.173648,0.000000,0.000000,1.000000,-0.000796,0.000000,-0.173648,0.000784,0.984807,0.000000,1.865476,0.623020,-0.283793,1.000000;;
          }

          Frame Bip001_R_Finger11 {
           

           FrameTransformMatrix {
            0.859901,0.000000,0.510461,0.000000,0.000000,1.000000,-0.000000,0.000000,-0.510461,0.000000,0.859901,0.000000,0.412874,0.000000,0.000000,1.000000;;
           }

           Frame Bip001_R_Finger12 {
            

            FrameTransformMatrix {
             0.917969,0.000000,0.396651,0.000000,0.000000,1.000000,-0.000000,0.000000,-0.396651,-0.000000,0.917969,0.000000,0.412873,0.000000,0.000000,1.000000;;
            }

            Frame Bip001_R_Finger1Nub {
             

             FrameTransformMatrix {
              -1.000001,0.000000,-0.000000,0.000000,0.000000,1.000000,-0.000000,0.000000,0.000000,0.000000,-1.000000,0.000000,0.412874,-0.000000,-0.000000,1.000000;;
             }
            }
           }
          }
         }

         Frame Bip001_R_Finger2 {
          

          FrameTransformMatrix {
           0.965433,-0.122214,0.230220,0.000000,0.097783,0.988572,0.114731,0.000000,-0.241612,-0.088254,0.966351,0.000000,1.810248,0.165170,-0.423560,1.000000;;
          }

          Frame Bip001_R_Finger21 {
           

           FrameTransformMatrix {
            0.701509,-0.000000,0.712660,0.000000,-0.000000,1.000000,0.000000,0.000000,-0.712661,-0.000000,0.701509,0.000000,0.481687,0.000000,-0.000000,1.000000;;
           }

           Frame Bip001_R_Finger22 {
            

            FrameTransformMatrix {
             0.671735,0.000000,0.740791,0.000000,0.000000,1.000000,-0.000000,0.000000,-0.740791,0.000000,0.671735,0.000000,0.531145,0.000000,0.000000,1.000000;;
            }

            Frame Bip001_R_Finger2Nub {
             

             FrameTransformMatrix {
              -1.000000,-0.000000,-0.000000,0.000000,0.000000,1.000000,0.000000,0.000000,0.000000,0.000000,-1.000000,0.000000,0.500832,0.000000,0.000001,1.000000;;
             }
            }
           }
          }
         }

         Frame Bip001_R_Finger3 {
          

          FrameTransformMatrix {
           0.913398,-0.225148,0.339133,0.000000,0.190441,0.972671,0.132831,0.000000,-0.359772,-0.056743,0.931314,0.000000,1.822173,-0.275884,-0.423976,1.000000;;
          }

          Frame Bip001_R_Finger31 {
           

           FrameTransformMatrix {
            0.712699,0.000000,0.701470,0.000000,-0.000000,1.000000,-0.000000,0.000000,-0.701470,0.000000,0.712699,0.000000,0.412875,0.000000,-0.000000,1.000000;;
           }

           Frame Bip001_R_Finger32 {
            

            FrameTransformMatrix {
             0.689398,0.000000,0.724382,0.000000,0.000000,1.000000,-0.000000,0.000000,-0.724382,0.000000,0.689399,0.000000,0.412874,-0.000000,0.000000,1.000000;;
            }

            Frame Bip001_R_Finger3Nub {
             

             FrameTransformMatrix {
              -1.000000,-0.000000,0.000000,0.000000,0.000000,1.000000,0.000000,0.000000,-0.000000,0.000000,-1.000000,0.000000,0.412874,0.000000,-0.000001,1.000000;;
             }
            }
           }
          }
         }

         Frame Bip001_R_Finger4 {
          

          FrameTransformMatrix {
           0.832053,-0.361948,0.420336,0.000000,0.349524,0.930520,0.109383,0.000000,-0.430722,0.055905,0.900751,0.000000,1.695370,-0.713061,-0.274594,1.000000;;
          }

          Frame Bip001_R_Finger41 {
           

           FrameTransformMatrix {
            0.309062,-0.000000,0.951042,0.000000,0.000000,1.000000,0.000000,0.000000,-0.951042,0.000000,0.309062,0.000000,0.344062,0.000000,-0.000000,1.000000;;
           }

           Frame Bip001_R_Finger42 {
            

            FrameTransformMatrix {
             0.784029,0.000000,0.620724,0.000000,0.000000,1.000000,0.000000,0.000000,-0.620724,0.000000,0.784029,0.000000,0.344062,-0.000000,0.000000,1.000000;;
            }

            Frame Bip001_R_Finger4Nub {
             

             FrameTransformMatrix {
              -1.000000,0.000000,-0.000000,0.000000,0.000000,1.000000,-0.000000,0.000000,-0.000000,-0.000000,-1.000000,0.000000,0.344063,0.000000,0.000000,1.000000;;
             }
            }
           }
          }
         }
        }
       }
      }
     }
    }
   }
  }

  Frame Bone001 {
   

   FrameTransformMatrix {
    -0.482202,0.871714,0.087157,0.000000,0.042186,-0.076267,0.996195,0.000000,0.875044,0.484044,0.000002,0.000000,0.153062,0.696737,-0.156736,1.000000;;
   }

   Frame Bone002 {
    

    FrameTransformMatrix {
     1.000000,-0.000000,-0.000000,0.000000,-0.000000,1.000000,0.000000,0.000000,-0.000000,0.000000,1.000000,0.000000,2.778400,-0.000000,0.000000,1.000000;;
    }
   }
  }

  Frame Bone003_ {
   

   FrameTransformMatrix {
    0.319804,0.931436,-0.173647,0.000000,-0.056391,-0.164236,-0.984808,0.000000,-0.945804,0.324738,0.000002,0.000000,0.153063,-0.697000,-0.156739,1.000000;;
   }

   Frame Bone004_ {
    

    FrameTransformMatrix {
     1.000000,-0.000000,0.000000,0.000000,-0.000000,1.000000,-0.000000,0.000000,0.000000,0.000000,1.000000,0.000000,-2.778399,0.000000,0.000000,1.000000;;
    }
   }
  }
 }
}