xof 0303txt 0032
template Frame {
 <3d82ab46-62da-11cf-ab39-0020af71e433>
 [...]
}

template Matrix4x4 {
 <f6f23f45-7686-11cf-8f52-0040333594a3>
 array FLOAT matrix[16];
}

template FrameTransformMatrix {
 <f6f23f41-7686-11cf-8f52-0040333594a3>
 Matrix4x4 frameMatrix;
}


Frame as_highrank_02_bone {
 

 FrameTransformMatrix {
  0.999996,-0.002667,0.000000,0.000000,0.002667,0.999996,0.000000,0.000000,-0.000000,0.000000,1.000000,0.000000,-1.681546,0.076036,-0.004364,1.000000;;
 }

 Frame Bone002 {
  

  FrameTransformMatrix {
   1.000000,0.000000,-0.000000,0.000000,0.000000,1.000000,-0.000000,0.000000,-0.000000,-0.000000,1.000000,0.000000,1.440989,0.000004,0.000000,1.000000;;
  }
 }

 Frame as_highrank_02_forward {
  

  FrameTransformMatrix {
   0.999999,0.001551,-0.000001,0.000000,-0.001551,0.999999,-0.000000,0.000000,0.000001,0.000000,1.000000,0.000000,2.645353,-0.000578,0.004468,1.000000;;
  }

  Frame Bone006 {
   

   FrameTransformMatrix {
    1.000000,0.000000,-0.000000,0.000000,0.000000,1.000000,-0.000000,0.000000,-0.000000,-0.000000,1.000000,0.000000,1.665076,0.000000,-0.000000,1.000000;;
   }
  }
 }

 Frame as_highrank_02_valve_01 {
  

  FrameTransformMatrix {
   -0.518969,-0.150843,0.841378,0.000000,-0.081142,0.988555,0.127180,0.000000,-0.850933,-0.002269,-0.525269,0.000000,1.116508,0.194216,7.119129,1.000000;;
  }

  Frame Bone010 {
   

   FrameTransformMatrix {
    1.000000,-0.000000,0.000000,0.000000,0.000000,1.000000,-0.000000,0.000000,-0.000000,0.000000,1.000000,0.000000,1.167111,-0.000002,0.000000,1.000000;;
   }
  }
 }

 Frame as_highrank_02_valve_02 {
  

  FrameTransformMatrix {
   -0.518214,-0.159767,-0.840196,0.000000,-0.085827,0.987152,-0.134775,0.000000,0.850934,0.002269,-0.525269,0.000000,1.266003,0.179184,-7.243502,1.000000;;
  }

  Frame Bone012 {
   

   FrameTransformMatrix {
    1.000000,0.000000,0.000000,0.000000,-0.000000,1.000000,0.000000,0.000000,-0.000000,0.000000,1.000000,0.000000,1.168762,0.000000,0.000001,1.000000;;
   }
  }
 }

 Frame as_highrank_02_valve_04 {
  

  FrameTransformMatrix {
   -0.857207,-0.152867,-0.491760,0.000000,-0.133265,0.988246,-0.074903,0.000000,0.497430,0.001327,-0.867503,0.000000,-1.258966,0.152231,-7.023667,1.000000;;
  }

  Frame Bone014 {
   

   FrameTransformMatrix {
    1.000000,-0.000000,-0.000000,0.000000,-0.000000,1.000000,-0.000000,0.000000,0.000000,0.000000,1.000000,0.000000,1.095111,-0.000000,-0.000001,1.000000;;
   }
  }
 }

 Frame as_highrank_02_valve_06 {
  

  FrameTransformMatrix {
   -0.447635,-0.142303,0.882821,0.000000,-0.066497,0.989820,0.125832,0.000000,-0.891740,-0.002378,-0.452541,0.000000,-1.395952,0.151741,-4.910182,1.000000;;
  }

  Frame Bone020 {
   

   FrameTransformMatrix {
    1.000000,-0.000000,-0.000000,0.000000,-0.000000,1.000000,-0.000000,0.000000,-0.000000,-0.000000,1.000000,0.000000,1.168077,-0.000004,-0.000000,1.000000;;
   }
  }
 }

 Frame as_highrank_02_grip {
  

  FrameTransformMatrix {
   0.999912,0.013229,-0.000000,0.000000,-0.013229,0.999912,0.000000,0.000000,0.000000,0.000000,1.000000,0.000000,-2.379410,-0.000101,0.000001,1.000000;;
  }

  Frame Bone004 {
   

   FrameTransformMatrix {
    1.000000,0.000000,-0.000000,0.000000,0.000000,1.000000,-0.000000,0.000000,0.000000,0.000000,1.000000,0.000000,2.358085,0.000004,0.000000,1.000000;;
   }
  }
 }

 Frame as_highrank_02_valve_05 {
  

  FrameTransformMatrix {
   -0.447635,-0.142304,-0.882820,0.000000,-0.066498,0.989820,-0.125834,0.000000,0.891740,0.002378,-0.452542,0.000000,-1.395945,0.151741,4.910185,1.000000;;
  }

  Frame Bone018 {
   

   FrameTransformMatrix {
    1.000000,0.000000,-0.000000,0.000000,0.000000,1.000000,0.000000,0.000000,0.000000,-0.000000,1.000000,0.000000,1.168080,-0.000000,0.000001,1.000000;;
   }
  }
 }

 Frame as_highrank_02_valve_03 {
  

  FrameTransformMatrix {
   -0.857208,-0.152867,0.491758,0.000000,-0.133265,0.988246,0.074903,0.000000,-0.497428,-0.001327,-0.867504,0.000000,-1.258960,0.152231,7.023673,1.000000;;
  }

  Frame Bone016 {
   

   FrameTransformMatrix {
    1.000000,0.000000,-0.000000,0.000000,0.000000,1.000000,-0.000000,0.000000,-0.000000,0.000000,1.000000,0.000000,1.095109,-0.000002,-0.000001,1.000000;;
   }
  }
 }
}