xof 0303txt 0032
template Frame {
 <3d82ab46-62da-11cf-ab39-0020af71e433>
 [...]
}

template Matrix4x4 {
 <f6f23f45-7686-11cf-8f52-0040333594a3>
 array FLOAT matrix[16];
}

template FrameTransformMatrix {
 <f6f23f41-7686-11cf-8f52-0040333594a3>
 Matrix4x4 frameMatrix;
}


Frame Dummy001 {
 

 FrameTransformMatrix {
  -0.244142,0.000000,-0.969739,0.000000,0.364023,-0.926870,-0.091647,0.000000,-0.898823,-0.375382,0.226288,0.000000,-1.527945,19.791949,4.918224,1.000000;;
 }

 Frame Bip001 {
  

  FrameTransformMatrix {
   0.000001,1.000000,0.000000,0.000000,-0.000000,-0.000000,1.000000,0.000000,1.000000,-0.000001,0.000000,0.000000,-0.000000,0.000002,-0.000001,1.000000;;
  }

  Frame Bip001_Pelvis {
   

   FrameTransformMatrix {
    0.000000,0.984808,-0.173649,0.000000,-0.173650,0.171011,0.969846,0.000000,0.984808,0.030154,0.171011,0.000000,0.000000,0.000000,0.000000,1.000000;;
   }

   Frame Bip001_Spine {
    

    FrameTransformMatrix {
     0.906249,0.416186,0.074182,0.000000,-0.416199,0.909132,-0.016018,0.000000,-0.074107,-0.016358,0.997116,0.000000,0.310383,0.053899,0.009079,1.000000;;
    }

    Frame Bip001_L_Thigh {
     

     FrameTransformMatrix {
      -0.791278,0.175301,-0.585789,0.000000,-0.224769,-0.974338,0.012040,0.000000,-0.568645,0.141194,0.810374,0.000000,-0.209210,0.288239,0.011091,1.000000;;
     }

     Frame Bip001_L_Calf {
      

      FrameTransformMatrix {
       0.999676,0.000000,-0.025447,0.000000,-0.000000,1.000000,-0.000000,0.000000,0.025447,0.000000,0.999676,0.000000,0.199940,-0.000001,-0.000001,1.000000;;
      }

      Frame Bip001_L_Foot {
       

       FrameTransformMatrix {
        0.766103,-0.030693,0.641984,0.000000,0.139362,0.983028,-0.119307,0.000000,-0.627427,0.180870,0.757378,0.000000,0.250893,0.000000,0.000001,1.000000;;
       }

       Frame Bip001_L_Toe0 {
        

        FrameTransformMatrix {
         0.000000,-0.000000,1.000000,0.000000,-0.000000,1.000000,-0.000000,0.000000,-1.000000,-0.000000,0.000000,0.000000,0.017302,0.000000,0.022266,1.000000;;
        }

        Frame Bip001_L_Toe0Nub {
         

         FrameTransformMatrix {
          -1.000000,0.000000,0.000000,0.000000,0.000000,1.000000,0.000000,0.000000,0.000000,-0.000000,-1.000000,0.000000,0.002256,0.000000,0.000000,1.000000;;
         }
        }
       }
      }
     }
    }

    Frame Bip001_R_Thigh {
     

     FrameTransformMatrix {
      -0.759520,0.213814,0.614339,0.000000,-0.294786,-0.955025,-0.032064,0.000000,0.579854,-0.205452,0.788390,0.000000,-0.399570,-0.127590,0.018574,1.000000;;
     }

     Frame Bip001_R_Calf {
      

      FrameTransformMatrix {
       0.999675,-0.000000,-0.025489,0.000000,0.000000,1.000000,0.000000,0.000000,0.025489,0.000000,0.999675,0.000000,0.199939,0.000000,0.000002,1.000000;;
      }

      Frame Bip001_R_Foot {
       

       FrameTransformMatrix {
        0.830620,0.039842,-0.555411,0.000000,-0.107379,0.990176,-0.089557,0.000000,0.546387,0.134027,0.826739,0.000000,0.250893,0.000000,0.000000,1.000000;;
       }

       Frame Bip001_R_Toe0 {
        

        FrameTransformMatrix {
         0.000000,-0.000000,1.000000,0.000000,0.000000,1.000000,-0.000000,0.000000,-1.000000,0.000000,0.000000,0.000000,0.017303,-0.000000,0.022266,1.000000;;
        }

        Frame Bip001_R_Toe0Nub {
         

         FrameTransformMatrix {
          1.000000,-0.000000,-0.000000,0.000000,0.000000,1.000000,0.000000,0.000000,0.000000,0.000000,1.000000,0.000000,0.002256,0.000001,0.000000,1.000000;;
         }
        }
       }
      }
     }
    }

    Frame Bip001_Neck {
     

     FrameTransformMatrix {
      0.852875,0.173647,-0.492394,0.000000,-0.150313,0.984808,0.086943,0.000000,0.500011,-0.000139,0.866019,0.000000,0.639017,0.000000,-0.000170,1.000000;;
     }

     Frame Bip001_Head {
      

      FrameTransformMatrix {
       0.948479,-0.030372,-0.315383,0.000000,0.007866,0.997345,-0.072393,0.000000,0.316744,0.066182,0.946199,0.000000,0.131788,0.000001,-0.000002,1.000000;;
      }

      Frame Bip001_HeadNub {
       

       FrameTransformMatrix {
        1.000000,0.000000,0.000000,0.000000,0.000000,1.000000,0.000000,0.000000,0.000000,0.000000,1.000000,0.000000,2.210226,0.000000,0.000000,1.000000;;
       }
      }
     }

     Frame Bip001_L_Clavicle {
      

      FrameTransformMatrix {
       0.155229,0.907742,-0.389755,0.000000,0.902087,0.030567,0.430469,0.000000,0.402669,-0.418414,-0.814118,0.000000,-0.069521,0.118904,-0.051268,1.000000;;
      }

      Frame Bip001_L_UpperArm {
       

       FrameTransformMatrix {
        0.953759,-0.090310,-0.286683,0.000000,-0.178897,0.595892,-0.782885,0.000000,0.241534,0.797971,0.552181,0.000000,0.167507,-0.000000,0.000000,1.000000;;
       }

       Frame Bip001_L_Forearm {
        

        FrameTransformMatrix {
         0.417896,0.000000,-0.908495,0.000000,0.000000,1.000000,0.000000,0.000000,0.908495,-0.000000,0.417896,0.000000,0.335538,0.000000,0.000000,1.000000;;
        }

        Frame Bip001_L_Hand {
         

         FrameTransformMatrix {
          0.965026,-0.261927,-0.010896,0.000000,-0.148280,-0.579647,0.801263,0.000000,-0.216188,-0.771625,-0.598213,0.000000,0.290268,0.000000,-0.000000,1.000000;;
         }

         Frame Bip001_L_Finger0 {
          

          FrameTransformMatrix {
           0.916624,-0.392927,0.073548,0.000000,0.389684,0.837257,-0.383597,0.000000,0.089147,0.380275,0.920567,0.000000,0.138003,-0.172112,0.022576,1.000000;;
          }

          Frame Bip001_L_Finger01 {
           

           FrameTransformMatrix {
            0.996113,0.000000,0.088086,0.000000,0.000000,1.000000,-0.000000,0.000000,-0.088086,-0.000000,0.996113,0.000000,0.101954,0.000001,0.000000,1.000000;;
           }

           Frame Bip001_L_Finger0Nub {
            

            FrameTransformMatrix {
             1.000000,0.000000,0.000000,0.000000,0.000000,1.000000,0.000000,0.000000,0.000000,-0.000000,1.000000,0.000000,0.157696,-0.000002,0.000000,1.000000;;
            }
           }
          }
         }

         Frame Bip001_L_Finger1 {
          

          FrameTransformMatrix {
           1.000000,0.000000,-0.000000,0.000000,-0.000000,1.000000,0.000796,0.000000,-0.000000,-0.000796,1.000000,0.000000,0.330531,-0.119446,0.020515,1.000000;;
          }

          Frame Bip001_L_Finger11 {
           

           FrameTransformMatrix {
            0.965684,0.000000,0.259721,0.000000,-0.000000,1.000000,0.000000,0.000000,-0.259721,0.000000,0.965684,0.000000,0.129941,0.000002,0.000000,1.000000;;
           }

           Frame Bip001_L_Finger1Nub {
            

            FrameTransformMatrix {
             1.000000,0.000000,-0.000000,0.000000,0.000000,1.000000,-0.000000,0.000000,-0.000000,0.000000,1.000000,0.000000,0.129941,0.000002,0.000000,1.000000;;
            }
           }
          }
         }

         Frame Bip001_L_Finger2 {
          

          FrameTransformMatrix {
           1.000000,0.000000,-0.000000,0.000000,-0.000000,1.000000,0.000796,0.000000,-0.000000,-0.000796,1.000000,0.000000,0.340317,0.037081,-0.008312,1.000000;;
          }

          Frame Bip001_L_Finger21 {
           

           FrameTransformMatrix {
            0.965684,0.000000,0.259721,0.000000,-0.000000,1.000000,0.000000,0.000000,-0.259721,0.000000,0.965684,0.000000,0.131746,0.000000,0.000000,1.000000;;
           }

           Frame Bip001_L_Finger2Nub {
            

            FrameTransformMatrix {
             1.000000,0.000000,-0.000000,0.000000,0.000000,1.000000,-0.000000,0.000000,-0.000000,0.000000,1.000000,0.000000,0.131746,0.000000,0.000000,1.000000;;
            }
           }
          }
         }
        }
       }
      }
     }

     Frame Bip001_R_Clavicle {
      

      FrameTransformMatrix {
       0.395825,-0.863981,0.311223,0.000000,-0.775590,-0.495983,-0.390463,0.000000,0.491714,-0.086827,-0.866417,0.000000,-0.105999,-0.087969,-0.051237,1.000000;;
      }

      Frame Bip001_R_UpperArm {
       

       FrameTransformMatrix {
        0.954805,-0.265994,-0.132646,0.000000,0.251064,0.960613,-0.119115,0.000000,0.159106,0.080429,0.983980,0.000000,0.167506,-0.000001,0.000002,1.000000;;
       }

       Frame Bip001_R_Forearm {
        

        FrameTransformMatrix {
         0.999903,-0.000000,-0.013905,0.000000,-0.000000,1.000000,-0.000000,0.000000,0.013905,-0.000000,0.999903,0.000000,0.335540,0.000002,-0.000002,1.000000;;
        }

        Frame Bip001_R_Hand {
         

         FrameTransformMatrix {
          1.000000,-0.000000,-0.000000,0.000000,-0.000000,-0.996264,0.086362,0.000000,0.000000,-0.086362,-0.996264,0.000000,0.290268,-0.000001,0.000002,1.000000;;
         }

         Frame Bip001_R_Finger0 {
          

          FrameTransformMatrix {
           0.916624,0.392927,0.073548,0.000000,-0.389684,0.837257,0.383597,0.000000,0.089147,-0.380275,0.920567,0.000000,0.138002,0.172110,0.022575,1.000000;;
          }

          Frame Bip001_R_Finger01 {
           

           FrameTransformMatrix {
            0.996113,0.000000,0.088086,0.000000,0.000000,1.000000,0.000000,0.000000,-0.088086,-0.000000,0.996113,0.000000,0.101955,0.000001,0.000000,1.000000;;
           }

           Frame Bip001_R_Finger0Nub {
            

            FrameTransformMatrix {
             -1.000000,0.000000,0.000000,0.000000,-0.000000,1.000000,0.000000,0.000000,-0.000000,0.000000,-1.000000,0.000000,0.157698,0.000001,-0.000002,1.000000;;
            }
           }
          }
         }

         Frame Bip001_R_Finger1 {
          

          FrameTransformMatrix {
           1.000000,0.000000,0.000000,0.000000,0.000000,1.000000,-0.000796,0.000000,0.000000,0.000796,1.000000,0.000000,0.330533,0.119447,0.020517,1.000000;;
          }

          Frame Bip001_R_Finger11 {
           

           FrameTransformMatrix {
            0.965684,0.000000,0.259721,0.000000,0.000000,1.000000,-0.000000,0.000000,-0.259721,-0.000000,0.965684,0.000000,0.129941,0.000000,-0.000002,1.000000;;
           }

           Frame Bip001_R_Finger1Nub {
            

            FrameTransformMatrix {
             -1.000000,-0.000000,0.000000,0.000000,-0.000000,1.000000,0.000000,0.000000,0.000000,0.000000,-1.000000,0.000000,0.129941,-0.000000,0.000000,1.000000;;
            }
           }
          }
         }

         Frame Bip001_R_Finger2 {
          

          FrameTransformMatrix {
           1.000000,0.000000,0.000000,0.000000,0.000000,1.000000,-0.000796,0.000000,0.000000,0.000796,1.000000,0.000000,0.340318,-0.037081,-0.008314,1.000000;;
          }

          Frame Bip001_R_Finger21 {
           

           FrameTransformMatrix {
            0.965684,0.000000,0.259721,0.000000,0.000000,1.000000,-0.000000,0.000000,-0.259721,-0.000000,0.965684,0.000000,0.131745,-0.000000,0.000002,1.000000;;
           }

           Frame Bip001_R_Finger2Nub {
            

            FrameTransformMatrix {
             -1.000000,-0.000000,0.000000,0.000000,-0.000000,1.000000,0.000000,0.000000,0.000000,0.000000,-1.000000,0.000000,0.131745,0.000001,-0.000002,1.000000;;
            }
           }
          }
         }
        }
       }
      }
     }
    }
   }
  }
 }
}