xof 0303txt 0032
template Frame {
 <3d82ab46-62da-11cf-ab39-0020af71e433>
 [...]
}

template Matrix4x4 {
 <f6f23f45-7686-11cf-8f52-0040333594a3>
 array FLOAT matrix[16];
}

template FrameTransformMatrix {
 <f6f23f41-7686-11cf-8f52-0040333594a3>
 Matrix4x4 frameMatrix;
}

template Vector {
 <3d82ab5e-62da-11cf-ab39-0020af71e433>
 FLOAT x;
 FLOAT y;
 FLOAT z;
}

template MeshFace {
 <3d82ab5f-62da-11cf-ab39-0020af71e433>
 DWORD nFaceVertexIndices;
 array DWORD faceVertexIndices[nFaceVertexIndices];
}

template Mesh {
 <3d82ab44-62da-11cf-ab39-0020af71e433>
 DWORD nVertices;
 array Vector vertices[nVertices];
 DWORD nFaces;
 array MeshFace faces[nFaces];
 [...]
}

template MeshNormals {
 <f6f23f43-7686-11cf-8f52-0040333594a3>
 DWORD nNormals;
 array Vector normals[nNormals];
 DWORD nFaceNormals;
 array MeshFace faceNormals[nFaceNormals];
}

template ColorRGBA {
 <35ff44e0-6c7c-11cf-8f52-0040333594a3>
 FLOAT red;
 FLOAT green;
 FLOAT blue;
 FLOAT alpha;
}

template IndexedColor {
 <1630b820-7842-11cf-8f52-0040333594a3>
 DWORD index;
 ColorRGBA indexColor;
}

template MeshVertexColors {
 <1630b821-7842-11cf-8f52-0040333594a3>
 DWORD nVertexColors;
 array IndexedColor vertexColors[nVertexColors];
}

template Coords2d {
 <f6f23f44-7686-11cf-8f52-0040333594a3>
 FLOAT u;
 FLOAT v;
}

template MeshTextureCoords {
 <f6f23f40-7686-11cf-8f52-0040333594a3>
 DWORD nTextureCoords;
 array Coords2d textureCoords[nTextureCoords];
}

template FVFData {
 <b6e70a0e-8ef9-4e83-94ad-ecc8b0c04897>
 DWORD dwFVF;
 DWORD nDWords;
 array DWORD data[nDWords];
}

template XSkinMeshHeader {
 <3cf169ce-ff7c-44ab-93c0-f78f62d172e2>
 WORD nMaxSkinWeightsPerVertex;
 WORD nMaxSkinWeightsPerFace;
 WORD nBones;
}

template SkinWeights {
 <6f0d123b-bad2-4167-a0d0-80224f25fabb>
 STRING transformNodeName;
 DWORD nWeights;
 array DWORD vertexIndices[nWeights];
 array FLOAT weights[nWeights];
 Matrix4x4 matrixOffset;
}


Frame Dummy_root {
 

 FrameTransformMatrix {
  1.000000,0.000000,0.000000,0.000000,0.000000,1.000000,0.000000,0.000000,0.000000,-0.000000,1.000000,0.000000,0.000000,0.000000,0.000000,1.000000;;
 }

 Frame FxBottom {
  

  FrameTransformMatrix {
   1.000000,0.000000,0.000000,0.000000,0.000000,1.000000,0.000000,0.000000,0.000000,-0.000000,1.000000,0.000000,0.000000,0.000000,-0.000000,1.000000;;
  }
 }

 Frame Bip01 {
  

  FrameTransformMatrix {
   0.906876,0.349883,-0.234857,0.000000,-0.307917,0.930685,0.197518,0.000000,0.287686,-0.106807,0.951751,0.000000,0.272072,3.788263,-0.000001,1.000000;;
  }

  Frame Bip01-Pelvis {
   

   FrameTransformMatrix {
    0.000000,1.000000,-0.000001,0.000000,-0.000001,0.000001,1.000000,0.000000,1.000000,0.000000,0.000002,0.000000,0.000000,0.000000,0.000000,1.000000;;
   }

   Frame Bip01-Spine {
    

    FrameTransformMatrix {
     0.640664,-0.000000,0.767822,0.000000,-0.000004,1.000000,0.000003,0.000000,-0.767822,-0.000005,0.640664,0.000000,2.048746,0.000005,0.090869,1.000000;;
    }

    Frame Bip01-Spine1 {
     

     FrameTransformMatrix {
      0.819067,0.000002,0.573697,0.000000,-0.000002,1.000000,-0.000001,0.000000,-0.573697,-0.000000,0.819068,0.000000,2.232593,-0.000000,-0.002362,1.000000;;
     }

     Frame Bip01-Neck {
      

      FrameTransformMatrix {
       0.997845,0.000000,0.065618,0.000000,-0.000000,1.000000,-0.000000,0.000000,-0.065618,0.000000,0.997845,0.000000,2.833626,0.000004,-0.365201,1.000000;;
      }

      Frame Bip01-Head {
       

       FrameTransformMatrix {
        0.971237,-0.069880,-0.227631,0.000000,0.007912,0.964910,-0.262461,0.000000,0.237984,0.253111,0.937709,0.000000,0.450319,-0.000000,0.000000,1.000000;;
       }

       Frame Bip01-HeadNub {
        

        FrameTransformMatrix {
         1.000000,0.000000,0.000000,0.000000,0.000000,1.000000,0.000000,0.000000,-0.000000,0.000000,1.000000,0.000000,3.956259,0.000000,0.000000,1.000000;;
        }
       }

       Frame FxTop {
        

        FrameTransformMatrix {
         0.781011,0.199470,0.591806,0.000000,0.574440,0.142353,-0.806074,0.000000,-0.245033,0.969509,-0.003404,0.000000,8.648697,-0.000006,0.332145,1.000000;;
        }
       }

       Frame Bip01-Ponytail1 {
        

        FrameTransformMatrix {
         0.793050,0.416535,-0.444488,0.000000,-0.599246,0.664542,-0.446417,0.000000,0.109432,0.620389,0.776622,0.000000,3.323187,2.039080,0.153302,1.000000;;
        }

        Frame Bip01-Ponytail1Nub {
         

         FrameTransformMatrix {
          0.000796,0.000299,1.000000,0.000000,-0.000296,-1.000000,0.000299,0.000000,1.000000,-0.000296,-0.000796,0.000000,1.299897,0.000001,0.000000,1.000000;;
         }
        }
       }

       Frame Bip01-Ponytail2 {
        

        FrameTransformMatrix {
         0.793051,-0.416538,-0.444486,0.000000,0.599246,0.664541,0.446418,0.000000,0.109429,-0.620389,0.776623,0.000000,3.265036,-2.105186,-0.091712,1.000000;;
        }

        Frame Bip01-Ponytail2Nub {
         

         FrameTransformMatrix {
          0.000796,0.000299,1.000000,0.000000,-0.000296,-1.000000,0.000299,0.000000,1.000000,-0.000296,-0.000796,0.000000,1.299898,0.000000,0.000000,1.000000;;
         }
        }
       }

       Frame Bone_eye2 {
        

        FrameTransformMatrix {
         0.243847,-0.347791,0.905307,0.000000,-0.009940,0.932540,0.360931,0.000000,-0.969763,-0.097010,0.223941,0.000000,1.624233,-0.907497,1.947458,1.000000;;
        }
       }

       Frame Bone_eye4 {
        

        FrameTransformMatrix {
         0.243847,0.347793,0.905306,0.000000,0.009941,0.932539,-0.360933,0.000000,-0.969763,0.097012,0.223939,0.000000,1.624233,0.906995,1.947455,1.000000;;
        }
       }

       Frame Bone_eye3 {
        

        FrameTransformMatrix {
         0.198244,0.361630,0.911002,0.000000,-0.007642,-0.928850,0.370378,0.000000,0.980123,-0.080387,-0.181375,0.000000,1.624233,0.906995,1.947455,1.000000;;
        }
       }

       Frame Bone_eye1 {
        

        FrameTransformMatrix {
         0.198243,-0.361628,0.911002,0.000000,0.007642,-0.928851,-0.370375,0.000000,0.980123,0.080386,-0.181375,0.000000,1.624233,-0.907497,1.947458,1.000000;;
        }
       }

       Frame Bone_Nose {
        

        FrameTransformMatrix {
         -0.000863,-0.000001,1.000000,0.000000,0.000001,-1.000000,-0.000001,0.000000,1.000000,0.000001,0.000863,0.000000,1.293003,-0.000007,3.180135,1.000000;;
        }
       }

       Frame Bone_mouth {
        

        FrameTransformMatrix {
         0.002245,-0.000495,0.999998,0.000000,0.000497,-1.000000,-0.000496,0.000000,0.999998,0.000498,-0.002245,0.000000,0.254896,-0.000004,2.507853,1.000000;;
        }
       }

       Frame Bone_flower1 {
        

        FrameTransformMatrix {
         0.889510,-0.416003,-0.188981,0.000000,-0.218782,-0.750885,0.623142,0.000000,-0.401132,-0.512946,-0.758934,0.000000,4.200716,-0.000008,0.444654,1.000000;;
        }

        Frame Bone_flower2 {
         

         FrameTransformMatrix {
          0.552791,0.703846,-0.446121,0.000000,-0.809790,0.580040,-0.088285,0.000000,0.196629,0.410067,0.890607,0.000000,1.466216,0.000001,0.000000,1.000000;;
         }
        }
       }

       Frame Bone_eye05 {
        

        FrameTransformMatrix {
         0.132073,-0.348777,0.927853,0.000000,0.043110,-0.933147,-0.356903,0.000000,0.990302,0.087137,-0.108207,0.000000,1.624233,-0.907497,1.947458,1.000000;;
        }
       }

       Frame Bone_eye06 {
        

        FrameTransformMatrix {
         0.130668,0.371599,0.919152,0.000000,-0.039487,-0.924415,0.379339,0.000000,0.990640,-0.085861,-0.106118,0.000000,1.624233,0.906995,1.947455,1.000000;;
        }
       }
      }
     }

     Frame Bip01-R-Clavicle {
      

      FrameTransformMatrix {
       -0.008297,-0.936969,-0.349313,0.000000,-0.999965,0.007514,0.003597,0.000000,-0.000746,0.349330,-0.936999,0.000000,2.520368,-1.536177,-0.363568,1.000000;;
      }

      Frame Bip01-R-UpperArm {
       

       FrameTransformMatrix {
        0.293176,0.243108,-0.924634,0.000000,-0.953738,0.007015,-0.300559,0.000000,-0.066582,0.969974,0.233918,0.000000,2.100114,-0.000001,-0.000000,1.000000;;
       }

       Frame Bip01-R-Forearm {
        

        FrameTransformMatrix {
         0.233781,-0.000000,-0.972289,0.000000,-0.000000,1.000000,-0.000000,0.000000,0.972290,-0.000000,0.233781,0.000000,1.729956,0.000000,0.000000,1.000000;;
        }

        Frame Bip01-R-Hand {
         

         FrameTransformMatrix {
          0.866867,0.479878,-0.135122,0.000000,-0.062766,-0.163826,-0.984490,0.000000,-0.494571,0.861904,-0.111895,0.000000,1.225134,0.000000,0.000001,1.000000;;
         }

         Frame FxHand01 {
          

          FrameTransformMatrix {
           0.986313,0.163699,0.019717,0.000000,-0.131859,0.854906,-0.501746,0.000000,-0.098991,0.492280,0.864790,0.000000,0.524719,-0.006920,0.112006,1.000000;;
          }
         }

         Frame Bip01-R-Finger0 {
          

          FrameTransformMatrix {
           1.000000,0.000000,-0.000000,0.000000,-0.000000,1.000000,-0.000796,0.000000,0.000000,0.000796,1.000000,0.000000,0.679126,0.000000,-0.000001,1.000000;;
          }

          Frame Bip01-R-Finger0Nub {
           

           FrameTransformMatrix {
            -1.000000,-0.000000,-0.000690,0.000000,-0.000000,1.000000,-0.000000,0.000000,0.000690,0.000000,-1.000000,0.000000,0.562957,0.000001,-0.000001,1.000000;;
           }
          }
         }
        }
       }
      }
     }

     Frame Bip01-L-Clavicle {
      

      FrameTransformMatrix {
       -0.347375,0.610625,0.711666,0.000000,0.937726,0.226622,0.263272,0.000000,-0.000519,0.758801,-0.651322,0.000000,2.520368,1.536175,-0.363575,1.000000;;
      }

      Frame Bip01-L-UpperArm {
       

       FrameTransformMatrix {
        0.821648,0.269801,-0.502098,0.000000,0.029569,0.859519,0.510248,0.000000,0.569228,-0.434091,0.698244,0.000000,2.100115,-0.000001,0.000000,1.000000;;
       }

       Frame Bip01-L-Forearm {
        

        FrameTransformMatrix {
         0.850366,-0.000000,-0.526193,0.000000,0.000000,1.000000,-0.000000,0.000000,0.526193,0.000000,0.850366,0.000000,1.771864,-0.000000,0.000000,1.000000;;
        }

        Frame Bip01-L-Hand {
         

         FrameTransformMatrix {
          0.883935,-0.457404,0.097158,0.000000,-0.109612,-0.000693,0.993975,0.000000,-0.454581,-0.889259,-0.050750,0.000000,1.225133,0.000001,-0.000000,1.000000;;
         }

         Frame FxHand00 {
          

          FrameTransformMatrix {
           0.079768,-0.162305,-0.983511,0.000000,-0.821659,-0.569325,0.027312,0.000000,-0.564370,0.805932,-0.178773,0.000000,0.488076,-0.000702,0.130864,1.000000;;
          }
         }

         Frame Bip01-L-Finger0 {
          

          FrameTransformMatrix {
           1.000000,0.000000,-0.000000,0.000000,-0.000000,1.000000,0.000796,0.000000,-0.000000,-0.000796,1.000000,0.000000,0.679127,0.000000,0.000000,1.000000;;
          }

          Frame Bip01-L-Finger0Nub {
           

           FrameTransformMatrix {
            1.000000,0.000000,0.000000,0.000000,-0.000000,1.000000,-0.000000,0.000000,-0.000000,-0.000000,1.000000,0.000000,0.562956,0.000000,-0.000000,1.000000;;
           }
          }
         }
        }
       }
      }
     }

     Frame Bone_ribbon {
      

      FrameTransformMatrix {
       -0.907152,-0.087157,0.411679,0.000000,0.079368,-0.996195,-0.036016,0.000000,0.413251,0.000002,0.910617,0.000000,2.526989,0.000002,3.093756,1.000000;;
      }
     }
    }

    Frame FxCenter {
     

     FrameTransformMatrix {
      0.499049,0.287688,0.817427,0.000000,0.864903,-0.106809,-0.490443,0.000000,-0.053786,0.951750,-0.302125,0.000000,1.593697,0.000004,0.037387,1.000000;;
     }
    }
   }

   Frame Bip01-L-Thigh {
    

    FrameTransformMatrix {
     -0.958039,-0.283428,-0.042781,0.000000,0.274598,-0.950318,0.146602,0.000000,-0.082206,0.128703,0.988270,0.000000,-0.000005,3.103228,0.000004,1.000000;;
    }

    Frame Bip01-L-Calf {
     

     FrameTransformMatrix {
      -0.725757,0.000000,-0.687951,0.000000,0.000000,1.000000,0.000000,0.000000,0.687951,0.000000,-0.725757,0.000000,2.294898,0.000000,-0.000000,1.000000;;
     }

     Frame Bip01-L-Foot {
      

      FrameTransformMatrix {
       -0.460212,-0.408356,0.788321,0.000000,-0.616333,0.786059,0.047376,0.000000,-0.639014,-0.464065,-0.613437,0.000000,0.771708,0.000000,0.000000,1.000000;;
      }

      Frame Bip01-L-Toe0 {
       

       FrameTransformMatrix {
        0.000000,0.000000,1.000000,0.000000,0.000000,1.000000,-0.000000,0.000000,-1.000000,0.000000,-0.000000,0.000000,0.730637,-0.000000,0.920760,1.000000;;
       }

       Frame Bip01-L-Toe0Nub {
        

        FrameTransformMatrix {
         -1.000000,0.000000,-0.000690,0.000000,0.000000,1.000000,0.000000,0.000000,0.000690,0.000000,-1.000000,0.000000,0.737484,0.000000,-0.000000,1.000000;;
        }
       }
      }
     }
    }
   }

   Frame Bip01-R-Thigh {
    

    FrameTransformMatrix {
     -0.898460,0.018870,0.438650,0.000000,-0.071518,-0.992022,-0.103812,0.000000,0.433192,-0.124642,0.892642,0.000000,0.000005,-3.103227,-0.000004,1.000000;;
    }

    Frame Bip01-R-Calf {
     

     FrameTransformMatrix {
      0.703237,-0.000000,-0.710956,0.000000,0.000000,1.000000,-0.000000,0.000000,0.710956,0.000000,0.703237,0.000000,2.294897,0.000000,0.000000,1.000000;;
     }

     Frame Bip01-R-Foot {
      

      FrameTransformMatrix {
       0.999665,-0.003071,-0.025710,0.000000,0.005149,0.996688,0.081151,0.000000,0.025375,-0.081256,0.996370,0.000000,0.771708,0.000000,0.000000,1.000000;;
      }

      Frame Bip01-R-Toe0 {
       

       FrameTransformMatrix {
        0.000000,0.000000,1.000000,0.000000,0.000000,1.000000,-0.000000,0.000000,-1.000000,0.000000,-0.000000,0.000000,0.730636,-0.000000,0.920760,1.000000;;
       }

       Frame Bip01-R-Toe0Nub {
        

        FrameTransformMatrix {
         1.000000,0.000000,-0.000000,0.000000,-0.000000,1.000000,-0.000000,0.000000,0.000000,0.000000,1.000000,0.000000,0.737485,-0.000000,0.000000,1.000000;;
        }
       }
      }
     }
    }
   }

   Frame Bip01-Tail {
    

    FrameTransformMatrix {
     0.772962,0.271553,-0.573401,0.000000,-0.129923,0.952369,0.275886,0.000000,0.621007,-0.138752,0.771426,0.000000,0.380062,0.000009,-3.871388,1.000000;;
    }

    Frame Bip01-Tail1 {
     

     FrameTransformMatrix {
      0.997801,-0.050914,0.042433,0.000000,0.050869,0.998703,0.002123,0.000000,-0.042486,0.000041,0.999097,0.000000,2.422305,-0.000000,-0.001927,1.000000;;
     }

     Frame Bip01-Tail2 {
      

      FrameTransformMatrix {
       0.765345,-0.642787,0.032735,0.000000,0.642229,0.766045,0.026800,0.000000,-0.042303,0.000513,0.999105,0.000000,2.422307,0.000000,-0.001928,1.000000;;
      }

      Frame Bip01-TailNub {
       

       FrameTransformMatrix {
        0.000796,0.000299,1.000000,0.000000,-0.000296,-1.000000,0.000299,0.000000,1.000000,-0.000296,-0.000796,0.000000,2.422224,0.000000,0.000002,1.000000;;
       }
      }
     }
    }
   }
  }
 }
}

Frame Pet_Cat_skel {
 

 FrameTransformMatrix {
  1.000000,0.000000,0.000000,0.000000,0.000000,1.000000,0.000000,0.000000,0.000000,0.000000,1.000000,0.000000,0.000000,0.000000,0.000000,1.000000;;
 }

 Mesh  {
  2032;
  2.087379;14.058726;1.267047;,
  2.149858;13.504045;1.446336;,
  1.288582;13.554653;2.027449;,
  1.204237;14.241458;1.718951;,
  2.130579;12.637355;1.670593;,
  1.269109;12.514901;2.246506;,
  -0.000001;13.610394;2.219810;,
  -0.000001;14.410139;1.864297;,
  2.018400;11.881882;1.660307;,
  1.170124;11.755719;2.259302;,
  2.535174;12.304603;-1.785676;,
  2.770693;12.073025;1.068167;,
  2.781901;12.720407;1.019101;,
  3.219033;12.881178;0.602425;,
  2.975772;13.255898;0.546754;,
  3.061943;13.434386;0.074009;,
  3.564342;13.028322;-0.053812;,
  3.514164;12.260569;-0.072432;,
  3.036117;11.783446;-0.042782;,
  3.292575;12.240328;0.305826;,
  2.747305;13.521614;0.605149;,
  2.874415;13.687686;-0.346195;,
  2.584426;13.591634;-1.174849;,
  2.074028;14.357379;-1.263025;,
  2.754908;12.937530;-1.178124;,
  2.855920;13.347509;-0.639989;,
  2.750407;12.322106;-1.262209;,
  2.889332;11.776426;-0.587257;,
  3.001082;12.360738;-0.729370;,
  3.383256;12.609485;-0.086479;,
  2.971236;12.802209;-0.778346;,
  1.096831;14.889339;1.078112;,
  -0.000001;15.092882;1.128289;,
  -0.000001;15.449320;0.485191;,
  0.914342;15.290525;0.551365;,
  0.909859;15.318219;-1.377893;,
  -0.000001;15.393554;-1.404131;,
  -0.000001;15.163282;-2.025960;,
  0.864220;15.122707;-1.917163;,
  1.449350;15.004136;-1.335879;,
  1.385034;14.886994;-1.869119;,
  -0.000001;15.472405;-1.197766;,
  0.940332;15.387256;-0.589128;,
  0.585961;15.428438;-0.514494;,
  1.381471;15.160030;-1.346767;,
  3.187501;12.518477;0.515305;,
  2.979668;13.077286;-0.758342;,
  2.667133;11.813613;-1.288547;,
  1.159369;11.660248;-3.308180;,
  1.326507;11.977291;-3.313917;,
  2.050934;11.843212;-2.590613;,
  2.389492;11.814542;-1.898941;,
  1.389808;11.472230;-3.044488;,
  0.732541;11.418345;-3.233795;,
  0.618581;11.705546;-3.445513;,
  -0.000001;14.771181;-2.607751;,
  1.283346;12.637850;-3.003449;,
  1.549769;12.640444;-2.784787;,
  -0.000001;12.500317;2.421584;,
  -0.000001;11.663916;2.512075;,
  1.666556;11.877678;-3.057529;,
  1.390529;13.656285;-2.745131;,
  0.925468;11.521809;-3.264597;,
  1.268762;13.065092;-2.336024;,
  0.992938;13.637613;-2.896552;,
  1.165372;13.678200;-2.820843;,
  -0.000001;15.463442;0.364368;,
  2.411632;15.658360;-0.779798;,
  1.381471;15.160030;-1.346767;,
  1.449350;15.004136;-1.335879;,
  1.381471;15.160030;-1.346767;,
  3.581070;0.391648;-1.616938;,
  3.330643;0.392724;-1.830807;,
  3.937293;0.411057;-1.474801;,
  3.693553;0.390943;-1.582593;,
  2.398347;0.376492;-1.664269;,
  2.689604;0.376013;-1.843315;,
  3.467936;0.037197;-1.435865;,
  3.314854;0.039269;-1.638369;,
  2.864948;0.050402;0.923302;,
  2.349348;0.059006;0.655337;,
  3.998287;0.032935;-1.108808;,
  4.119974;0.419838;-1.216749;,
  3.864540;0.039961;-1.295913;,
  3.447336;0.072850;0.567664;,
  3.855755;0.087766;-0.123023;,
  2.222371;0.059370;0.067225;,
  2.882249;0.033301;-1.562368;,
  2.881860;0.358491;-1.792301;,
  2.647745;0.033977;-1.626857;,
  2.222371;0.059370;0.067225;,
  2.330933;0.062963;-0.507568;,
  3.855755;0.087766;-0.123023;,
  2.330933;0.062963;-0.507568;,
  2.222371;0.059370;0.067225;,
  3.447336;0.072850;0.567664;,
  3.577103;0.342476;-1.482117;,
  3.653757;0.037145;-1.335173;,
  3.998287;0.032935;-1.108808;,
  3.864540;0.039961;-1.295913;,
  3.653757;0.037145;-1.335173;,
  2.966601;0.319530;-1.605255;,
  2.465634;0.073459;-1.440737;,
  2.882249;0.033301;-1.562368;,
  2.647745;0.033977;-1.626857;,
  2.465634;0.073459;-1.440737;,
  3.053751;0.372417;-1.808094;,
  3.113719;0.035773;-1.563686;,
  3.467936;0.037197;-1.435865;,
  3.314854;0.039269;-1.638369;,
  3.113719;0.035773;-1.563686;,
  0.438420;11.953322;-3.090456;,
  2.864948;0.050402;0.923302;,
  2.349348;0.059006;0.655337;,
  1.303378;13.169982;-2.992057;,
  1.276758;13.550101;-2.867301;,
  1.096804;13.504870;-2.957835;,
  0.965217;13.367727;-3.041305;,
  0.917689;13.174854;-3.095563;,
  0.966910;12.977963;-3.106006;,
  1.100039;12.830198;-3.069871;,
  1.281016;12.772397;-2.996422;,
  1.460477;12.820088;-2.905161;,
  1.590688;12.959249;-2.820875;,
  1.637041;13.152284;-2.766482;,
  1.588015;13.347295;-2.756415;,
  1.456282;13.492470;-2.793736;,
  1.207633;13.811862;-2.655604;,
  0.895701;13.734779;-2.812158;,
  0.666832;13.499341;-2.955835;,
  0.583569;13.165547;-3.049270;,
  0.669359;12.822629;-3.067747;,
  0.900862;12.565495;-3.004934;,
  1.215149;12.465050;-2.877444;,
  1.526920;12.548168;-2.719088;,
  1.751590;12.790831;-2.572912;,
  1.831378;13.125222;-2.478813;,
  1.746087;13.461558;-2.462800;,
  1.518779;13.712042;-2.527749;,
  1.134729;13.883557;-2.421451;,
  0.780814;13.797302;-2.597980;,
  0.521050;13.531507;-2.760063;,
  0.426645;13.153428;-2.865414;,
  0.523379;12.764462;-2.885625;,
  0.786040;12.472004;-2.814654;,
  1.143061;12.357724;-2.670005;,
  1.496745;12.452313;-2.490354;,
  1.751587;12.727432;-2.325558;,
  1.841470;13.106408;-2.220051;,
  1.744847;13.487030;-2.202437;,
  1.487162;13.770192;-2.276383;,
  -0.000001;11.940580;-2.725063;,
  0.438854;12.534580;-3.699970;,
  0.431576;12.498033;-3.701508;,
  0.484200;12.282811;-3.712208;,
  0.475028;12.261035;-3.713296;,
  0.364469;12.470362;-3.678178;,
  0.353719;12.436483;-3.680171;,
  0.658945;12.690127;-3.541337;,
  0.657184;12.658728;-3.542595;,
  -2.087382;14.058726;1.267047;,
  -1.204240;14.241458;1.718951;,
  -1.288585;13.554653;2.027448;,
  -2.149860;13.504043;1.446336;,
  -1.269111;12.514902;2.246506;,
  -2.130582;12.637356;1.670593;,
  -0.000001;13.610394;2.219810;,
  -0.000001;14.410139;1.864297;,
  -1.170127;11.755719;2.259302;,
  -2.018403;11.881882;1.660307;,
  -2.535175;12.304603;-1.785676;,
  -2.770695;12.073025;1.068167;,
  -2.781904;12.720406;1.019101;,
  -3.219034;12.881177;0.602425;,
  -3.564345;13.028322;-0.053812;,
  -3.061946;13.434386;0.074009;,
  -2.975775;13.255897;0.546754;,
  -3.514166;12.260569;-0.072432;,
  -3.292578;12.240327;0.305826;,
  -3.036119;11.783446;-0.042781;,
  -2.747308;13.521616;0.605149;,
  -2.874418;13.687685;-0.346195;,
  -2.074031;14.357379;-1.263025;,
  -2.584429;13.591634;-1.174849;,
  -2.754911;12.937530;-1.178124;,
  -2.855922;13.347509;-0.639988;,
  -2.750409;12.322106;-1.262209;,
  -2.889334;11.776426;-0.587256;,
  -3.001085;12.360738;-0.729370;,
  -2.971238;12.802209;-0.778346;,
  -3.383258;12.609484;-0.086479;,
  -1.096833;14.889339;1.078112;,
  -0.000001;15.092882;1.128289;,
  -0.914345;15.290525;0.551365;,
  -0.000001;15.449320;0.485191;,
  -0.909862;15.318218;-1.377893;,
  -0.864223;15.122707;-1.917164;,
  -0.000001;15.163282;-2.025960;,
  -0.000001;15.393554;-1.404131;,
  -1.385036;14.886992;-1.869119;,
  -1.449353;15.004134;-1.335878;,
  -0.000001;15.472405;-1.197766;,
  -0.585964;15.428438;-0.514495;,
  -0.940334;15.387259;-0.589128;,
  -1.381473;15.160032;-1.346767;,
  -3.187503;12.518475;0.515305;,
  -2.979670;13.077286;-0.758343;,
  -2.667135;11.813613;-1.288547;,
  -1.326510;11.977290;-3.313917;,
  -1.159371;11.660248;-3.308181;,
  -2.050936;11.843211;-2.590613;,
  -2.389493;11.814542;-1.898940;,
  -1.389810;11.472231;-3.044489;,
  -0.618584;11.705546;-3.445514;,
  -0.732543;11.418345;-3.233795;,
  -0.000001;14.771181;-2.607751;,
  -1.283348;12.637852;-3.003449;,
  -1.549771;12.640445;-2.784787;,
  -0.000001;12.500317;2.421584;,
  -0.000001;11.663916;2.512075;,
  -1.666559;11.877679;-3.057530;,
  -1.390532;13.656283;-2.745133;,
  -0.925471;11.521809;-3.264597;,
  -1.268765;13.065092;-2.336024;,
  -0.992942;13.637613;-2.896553;,
  -1.165375;13.678200;-2.820843;,
  -0.000001;15.463442;0.364368;,
  -2.411634;15.658362;-0.779799;,
  -1.449353;15.004134;-1.335878;,
  -1.381473;15.160032;-1.346767;,
  -1.381473;15.160032;-1.346767;,
  -3.581072;0.391648;-1.616939;,
  -3.330647;0.392725;-1.830807;,
  -3.937297;0.411057;-1.474802;,
  -3.693556;0.390943;-1.582593;,
  -2.689608;0.376013;-1.843315;,
  -2.398350;0.376493;-1.664269;,
  -3.467938;0.037198;-1.435865;,
  -3.314857;0.039271;-1.638369;,
  -2.864950;0.050403;0.923302;,
  -2.349350;0.059007;0.655337;,
  -3.998290;0.032936;-1.108809;,
  -3.864543;0.039962;-1.295913;,
  -4.119977;0.419837;-1.216749;,
  -3.447339;0.072849;0.567664;,
  -3.855758;0.087767;-0.123023;,
  -2.222373;0.059370;0.067225;,
  -2.882251;0.033301;-1.562368;,
  -2.647747;0.033978;-1.626857;,
  -2.881865;0.358492;-1.792301;,
  -2.222373;0.059370;0.067225;,
  -2.330936;0.062964;-0.507567;,
  -3.855758;0.087767;-0.123023;,
  -3.447339;0.072849;0.567664;,
  -2.222373;0.059370;0.067225;,
  -2.330936;0.062964;-0.507567;,
  -3.577106;0.342477;-1.482118;,
  -3.653760;0.037145;-1.335173;,
  -3.998290;0.032936;-1.108809;,
  -3.653760;0.037145;-1.335173;,
  -3.864543;0.039962;-1.295913;,
  -2.966605;0.319530;-1.605255;,
  -2.465638;0.073459;-1.440737;,
  -2.882251;0.033301;-1.562368;,
  -2.465638;0.073459;-1.440737;,
  -2.647747;0.033978;-1.626857;,
  -3.053755;0.372418;-1.808095;,
  -3.113722;0.035774;-1.563686;,
  -3.467938;0.037198;-1.435865;,
  -3.113722;0.035774;-1.563686;,
  -3.314857;0.039271;-1.638369;,
  -0.438423;11.953322;-3.090456;,
  -2.864950;0.050403;0.923302;,
  -2.349350;0.059007;0.655337;,
  -1.303380;13.169980;-2.992059;,
  -1.096807;13.504869;-2.957836;,
  -1.276761;13.550099;-2.867302;,
  -0.965219;13.367726;-3.041305;,
  -0.917692;13.174851;-3.095564;,
  -0.966913;12.977962;-3.106006;,
  -1.100043;12.830196;-3.069872;,
  -1.281018;12.772395;-2.996423;,
  -1.460479;12.820087;-2.905161;,
  -1.590691;12.959246;-2.820877;,
  -1.637043;13.152282;-2.766483;,
  -1.588018;13.347294;-2.756416;,
  -1.456284;13.492469;-2.793737;,
  -0.895703;13.734776;-2.812158;,
  -1.207635;13.811861;-2.655605;,
  -0.666835;13.499341;-2.955836;,
  -0.583571;13.165546;-3.049270;,
  -0.669361;12.822627;-3.067747;,
  -0.900865;12.565494;-3.004934;,
  -1.215152;12.465049;-2.877444;,
  -1.526922;12.548167;-2.719087;,
  -1.751592;12.790830;-2.572913;,
  -1.831381;13.125220;-2.478814;,
  -1.746089;13.461557;-2.462801;,
  -1.518782;13.712042;-2.527749;,
  -0.780816;13.797301;-2.597981;,
  -1.134732;13.883555;-2.421451;,
  -0.521052;13.531504;-2.760063;,
  -0.426647;13.153427;-2.865415;,
  -0.523381;12.764462;-2.885625;,
  -0.786042;12.472003;-2.814654;,
  -1.143064;12.357722;-2.670006;,
  -1.496747;12.452310;-2.490354;,
  -1.751589;12.727431;-2.325558;,
  -1.841472;13.106406;-2.220052;,
  -1.744850;13.487029;-2.202438;,
  -1.487164;13.770190;-2.276383;,
  -0.000001;11.940580;-2.725063;,
  -0.431578;12.498033;-3.701507;,
  -0.438856;12.534580;-3.699970;,
  -0.475030;12.261035;-3.713294;,
  -0.484202;12.282812;-3.712208;,
  -0.353722;12.436483;-3.680171;,
  -0.364472;12.470364;-3.678178;,
  -0.657186;12.658728;-3.542596;,
  -0.658947;12.690127;-3.541338;,
  0.000000;10.057218;-4.806202;,
  0.000000;9.561935;-4.871169;,
  0.279198;9.643882;-4.832090;,
  0.451674;9.858135;-4.729916;,
  0.451674;10.123246;-4.603490;,
  0.279198;10.337750;-4.501194;,
  0.000000;10.419440;-4.462238;,
  0.000000;9.122859;-4.632819;,
  0.451674;9.255425;-4.569601;,
  0.731159;9.602486;-4.404092;,
  0.731159;10.031238;-4.199626;,
  0.451674;10.378038;-4.034242;,
  0.000000;10.510598;-3.971026;,
  0.000000;8.907858;-4.181972;,
  0.451674;9.040422;-4.118755;,
  0.731159;9.387485;-3.953246;,
  0.731159;9.816237;-3.748780;,
  0.451674;10.163036;-3.583397;,
  0.000000;10.295597;-3.520180;,
  0.000000;8.999013;-3.690755;,
  0.279198;9.080960;-3.651676;,
  0.451674;9.295213;-3.549501;,
  0.451674;9.560322;-3.423074;,
  0.279198;9.774827;-3.320781;,
  0.000000;9.856518;-3.281824;,
  0.000000;9.361373;-3.347057;,
  0.217057;10.811676;-3.395921;,
  0.000001;10.920485;-3.493805;,
  0.000001;10.648953;-3.623296;,
  0.217057;10.590906;-3.501201;,
  0.458080;10.651465;-3.611696;,
  0.433024;11.009508;-3.440950;,
  1.081096;10.646959;-3.613844;,
  0.984972;11.193758;-3.353083;,
  1.465346;10.607943;-3.523348;,
  1.450330;10.865002;-3.403598;,
  1.304320;11.140022;-3.275597;,
  0.217057;10.368646;-3.607195;,
  0.000001;10.390002;-3.746784;,
  0.470700;10.278854;-3.789388;,
  1.046346;10.053642;-3.896787;,
  1.286594;10.042154;-3.812075;,
  1.441364;10.343024;-3.659143;,
  0.000001;10.631159;-3.310997;,
  0.000001;10.247354;-3.494028;,
  0.000001;10.065226;-3.580882;,
  0.000001;10.631159;-3.310997;,
  0.000001;10.065226;-3.580882;,
  0.989862;9.106242;-4.038208;,
  1.502163;9.848918;-3.684037;,
  0.217057;10.777127;-3.323474;,
  0.217057;10.556358;-3.428754;,
  0.000001;10.498149;-3.307067;,
  0.000001;10.769680;-3.177579;,
  0.458080;10.508620;-3.312158;,
  0.433024;10.866664;-3.141412;,
  1.081096;10.504115;-3.314307;,
  0.984972;11.050914;-3.053546;,
  1.450330;10.804727;-3.277207;,
  1.465346;10.549998;-3.401840;,
  1.304320;11.077298;-3.144068;,
  0.217057;10.334098;-3.534748;,
  0.000001;10.239198;-3.430558;,
  0.470700;10.136011;-3.489850;,
  1.046346;9.910798;-3.597251;,
  1.441364;10.277603;-3.521958;,
  1.286594;9.969391;-3.659493;,
  1.046346;9.910798;-3.597251;,
  1.286594;9.969391;-3.659493;,
  0.217057;10.777127;-3.323474;,
  0.433024;10.866664;-3.141412;,
  0.984972;11.050914;-3.053546;,
  1.304320;11.077298;-3.144068;,
  0.470700;10.136011;-3.489850;,
  0.217057;10.334098;-3.534748;,
  0.000001;10.239198;-3.430558;,
  0.000001;10.769680;-3.177579;,
  1.450330;10.804727;-3.277207;,
  1.441364;10.277603;-3.521958;,
  1.465346;10.549998;-3.401840;,
  0.000000;10.057218;-4.806202;,
  -0.279197;9.643882;-4.832090;,
  0.000000;9.561935;-4.871169;,
  -0.451673;9.858135;-4.729916;,
  -0.451673;10.123246;-4.603490;,
  -0.279197;10.337750;-4.501194;,
  0.000000;10.419440;-4.462238;,
  -0.451673;9.255425;-4.569601;,
  0.000000;9.122859;-4.632819;,
  -0.731158;9.602486;-4.404092;,
  -0.731158;10.031238;-4.199626;,
  -0.451673;10.378038;-4.034242;,
  0.000000;10.510598;-3.971026;,
  -0.451673;9.040422;-4.118755;,
  0.000000;8.907858;-4.181972;,
  -0.731158;9.387485;-3.953246;,
  -0.731158;9.816237;-3.748780;,
  -0.451673;10.163036;-3.583397;,
  0.000000;10.295597;-3.520180;,
  -0.279197;9.080960;-3.651676;,
  0.000000;8.999013;-3.690755;,
  -0.451673;9.295213;-3.549501;,
  -0.451673;9.560322;-3.423074;,
  -0.279197;9.774827;-3.320781;,
  0.000000;9.856518;-3.281824;,
  0.000000;9.361373;-3.347057;,
  -0.217056;10.811676;-3.395921;,
  -0.217056;10.590906;-3.501201;,
  0.000001;10.648953;-3.623296;,
  0.000001;10.920485;-3.493805;,
  -0.458079;10.651465;-3.611696;,
  -0.433022;11.009508;-3.440950;,
  -1.081093;10.646959;-3.613844;,
  -0.984970;11.193758;-3.353083;,
  -1.304318;11.140022;-3.275597;,
  -1.450328;10.865002;-3.403598;,
  -1.465344;10.607943;-3.523348;,
  -0.217056;10.368646;-3.607195;,
  0.000001;10.390002;-3.746784;,
  -0.470698;10.278854;-3.789388;,
  -1.046344;10.053642;-3.896787;,
  -1.441362;10.343024;-3.659143;,
  -1.286592;10.042154;-3.812075;,
  0.000001;10.631159;-3.310997;,
  -1.502161;9.848918;-3.684037;,
  -0.989860;9.106242;-4.038208;,
  0.000001;10.065226;-3.580882;,
  0.000001;10.631159;-3.310997;,
  0.000001;10.065226;-3.580882;,
  0.000001;10.247354;-3.494028;,
  -0.217056;10.777127;-3.323474;,
  0.000001;10.769680;-3.177579;,
  0.000001;10.498149;-3.307067;,
  -0.217056;10.556358;-3.428754;,
  -0.458079;10.508620;-3.312158;,
  -0.433022;10.866664;-3.141412;,
  -1.081093;10.504115;-3.314307;,
  -0.984970;11.050914;-3.053546;,
  -1.450328;10.804727;-3.277207;,
  -1.304318;11.077298;-3.144068;,
  -1.465344;10.549998;-3.401840;,
  -0.217056;10.334098;-3.534748;,
  0.000001;10.239198;-3.430558;,
  -0.470698;10.136011;-3.489850;,
  -1.046344;9.910798;-3.597251;,
  -1.286592;9.969391;-3.659493;,
  -1.441362;10.277603;-3.521958;,
  -1.286592;9.969391;-3.659493;,
  -1.046344;9.910798;-3.597251;,
  -0.217056;10.777127;-3.323474;,
  -0.433022;10.866664;-3.141412;,
  -0.984970;11.050914;-3.053546;,
  -1.304318;11.077298;-3.144068;,
  -0.470698;10.136011;-3.489850;,
  -0.217056;10.334098;-3.534748;,
  0.000001;10.239198;-3.430558;,
  0.000001;10.769680;-3.177579;,
  -1.450328;10.804727;-3.277207;,
  -1.441362;10.277603;-3.521958;,
  -1.465344;10.549998;-3.401840;,
  1.631080;4.029474;3.601723;,
  1.504875;4.897571;3.630908;,
  3.184773;5.133261;3.021332;,
  3.152060;4.077304;2.996268;,
  1.401907;3.081886;-4.283164;,
  2.455510;3.446395;-3.897091;,
  2.556095;4.253676;-4.050754;,
  1.431249;4.001618;-4.615399;,
  3.051527;3.850810;-3.386881;,
  3.235023;4.491998;-3.194943;,
  3.279460;5.464828;-3.122795;,
  3.139894;6.404028;-3.086523;,
  2.497857;6.268449;-3.907298;,
  2.578739;5.228902;-4.019643;,
  1.423527;6.228498;-4.524689;,
  1.463253;5.055701;-4.742152;,
  2.971240;3.190712;2.835321;,
  4.326634;4.216552;2.017832;,
  4.757844;5.734972;0.376801;,
  4.125616;5.501290;1.860853;,
  3.834456;6.606636;1.781765;,
  4.251066;6.657224;0.485546;,
  4.551140;5.711258;-0.909741;,
  4.200760;6.575960;-0.821535;,
  2.441161;2.395192;-2.825461;,
  3.334649;3.026387;-2.766256;,
  3.305904;3.330497;-3.005699;,
  2.484898;2.631342;-3.357884;,
  4.815189;4.476760;-1.384690;,
  5.070727;4.766820;0.235970;,
  2.671015;2.419107;2.325187;,
  0.988272;2.175231;2.499767;,
  1.272476;2.989316;3.384018;,
  -0.000002;2.757386;3.295142;,
  -0.000002;2.107343;2.533073;,
  0.982967;8.280945;-3.743521;,
  1.857955;8.352629;-3.189208;,
  1.631346;9.757018;-2.958203;,
  0.778830;9.683753;-3.337752;,
  2.481196;8.421835;-2.638276;,
  2.145555;9.935712;-2.455209;,
  4.377465;3.489641;1.758169;,
  0.456772;1.559587;-1.043538;,
  0.648752;1.715866;1.375649;,
  1.076175;1.691782;1.382776;,
  0.731699;1.600616;-0.879406;,
  -0.000001;1.707154;1.377263;,
  -0.000001;1.514445;-1.144938;,
  4.167169;5.702353;-1.780844;,
  4.275452;4.758284;-1.987829;,
  3.951575;6.547856;-1.563036;,
  3.821290;4.443190;-2.582204;,
  3.767467;5.709051;-2.341917;,
  3.622721;6.491555;-2.256110;,
  -0.000001;6.195672;-4.657628;,
  -0.000002;5.047418;-4.913688;,
  4.233395;3.892596;-2.115867;,
  1.245728;1.807446;-2.601257;,
  0.456772;1.559587;-1.043538;,
  0.731699;1.600616;-0.879406;,
  1.467919;1.835958;-2.296645;,
  -0.000001;1.514445;-1.144938;,
  -0.000001;1.700592;-2.861670;,
  1.329175;7.280109;-4.158574;,
  2.283840;7.195442;-3.674722;,
  1.380605;10.523926;-2.781660;,
  0.611952;10.439993;-3.024087;,
  1.652134;10.740076;-2.290842;,
  -0.000001;5.489032;3.761904;,
  -0.000001;6.227094;3.551443;,
  1.546930;6.354646;3.295363;,
  2.932211;6.491906;2.662789;,
  2.929003;7.201022;-3.063671;,
  3.420954;7.247423;-2.249143;,
  1.556315;7.423250;3.060447;,
  2.682508;7.367918;2.394471;,
  2.343134;10.643644;1.943144;,
  2.603407;9.155802;2.355402;,
  1.607410;9.237046;2.844141;,
  1.336790;10.509502;2.552618;,
  3.616238;7.297719;1.702322;,
  1.319018;2.309980;-3.557733;,
  -0.000001;3.837669;-4.845018;,
  3.241162;7.843167;-2.238781;,
  3.805996;7.238958;-1.330341;,
  3.874945;7.268713;0.590030;,
  3.200274;8.301950;1.535052;,
  4.626248;2.400758;-0.384567;,
  4.229535;2.436224;-1.702789;,
  3.706318;1.617057;-1.244823;,
  4.028776;1.690817;-0.204971;,
  3.766736;1.979131;1.023508;,
  3.219307;1.608577;0.934306;,
  1.609355;1.624625;1.092431;,
  1.094491;1.495837;-0.541721;,
  1.609119;1.750957;-2.157924;,
  2.565178;2.226370;-2.712979;,
  3.422753;2.600409;-2.707407;,
  4.658836;3.393408;-1.787041;,
  5.019936;3.429054;-0.247374;,
  4.226703;2.652911;1.329142;,
  2.725248;2.134267;1.646564;,
  3.310486;1.294578;-0.615106;,
  3.614765;1.476044;0.090282;,
  2.957721;1.406426;0.986388;,
  2.751097;1.530964;1.071467;,
  2.066414;1.431528;0.803290;,
  2.205161;1.312547;0.758634;,
  1.866923;1.162515;0.069586;,
  1.607609;1.319169;-0.317534;,
  1.607609;1.319169;-0.317534;,
  1.866923;1.162515;0.069586;,
  2.239701;1.112878;-0.607091;,
  1.991668;1.410121;-1.404361;,
  3.030250;1.525005;-1.749337;,
  2.765231;1.160691;-0.784534;,
  3.464582;2.134462;-2.486899;,
  2.721169;1.786043;1.235318;,
  1.881838;1.586353;0.864031;,
  1.094491;1.495837;-0.541721;,
  2.651905;1.960777;-2.492772;,
  2.612808;10.055762;-2.094428;,
  2.455748;10.831096;-1.064145;,
  3.299630;8.413646;-1.130244;,
  2.985821;9.202129;2.069193;,
  3.455264;8.261174;0.701145;,
  3.200274;8.301950;1.535052;,
  2.603407;9.155802;2.355402;,
  3.455264;8.261174;0.701145;,
  3.016461;10.052683;-1.699819;,
  3.616111;10.069466;-1.275762;,
  3.769802;10.524495;-0.692606;,
  3.185230;10.704946;-0.919249;,
  3.299928;10.883330;0.143175;,
  3.855998;10.666803;0.199981;,
  3.619323;9.476643;1.792053;,
  3.316207;9.208498;1.802006;,
  3.284957;10.630873;1.366725;,
  3.855965;10.345516;1.407168;,
  3.360468;8.932702;-0.475077;,
  3.476542;9.428553;-1.389053;,
  3.073928;9.199716;-1.774873;,
  2.844321;8.932386;-2.184119;,
  2.612808;10.055762;-2.094428;,
  2.844321;8.932386;-2.184119;,
  0.553157;3.516991;4.046943;,
  0.786232;4.092771;4.106022;,
  -0.000001;3.322164;3.998756;,
  0.569880;4.745862;4.121570;,
  -0.000001;9.225581;3.026648;,
  -0.000001;10.424000;2.784770;,
  1.174561;11.225332;2.349632;,
  2.120917;11.301034;1.751670;,
  2.231335;12.293800;-2.428339;,
  2.554113;12.813306;-1.632591;,
  2.318935;12.727640;-2.095661;,
  0.298359;12.927285;-3.666565;,
  -0.000001;12.984743;-3.665926;,
  -0.000001;12.946266;-3.773215;,
  0.248768;12.876194;-3.776741;,
  2.759232;11.055898;0.224093;,
  2.808834;11.433474;0.335837;,
  2.320129;11.100051;-0.593419;,
  2.492054;11.380043;1.132649;,
  2.120930;14.445333;1.036039;,
  2.636525;14.048923;0.681983;,
  2.050362;14.279888;-1.699670;,
  2.426495;13.498274;-1.561503;,
  2.664855;14.020808;-0.334009;,
  1.305246;15.349742;-1.211526;,
  1.485190;15.294637;-1.330192;,
  2.451195;14.948851;-0.184172;,
  2.963068;14.412571;-0.268252;,
  2.965540;15.185550;-0.451734;,
  2.592060;15.428302;-0.658031;,
  2.280318;15.627611;-0.226009;,
  1.834607;15.374418;0.309769;,
  1.803300;15.661632;-0.832930;,
  2.272636;15.832114;-0.873880;,
  1.925044;15.557440;-1.010580;,
  2.368293;15.743533;-1.032427;,
  2.288086;14.841494;0.721465;,
  2.638347;15.331691;0.003741;,
  2.660601;14.532326;0.453933;,
  2.963068;14.412571;-0.268252;,
  2.965540;15.185550;-0.451734;,
  2.737737;15.762882;-1.109620;,
  2.738206;15.872494;-1.009517;,
  2.664855;14.020808;-0.334009;,
  2.850326;13.952480;-0.289692;,
  2.190600;14.385914;-0.543456;,
  1.384069;15.101072;0.671200;,
  2.120930;14.445333;1.036039;,
  2.636525;14.048923;0.681983;,
  2.850326;13.952480;-0.289692;,
  -0.000001;12.608456;-3.898920;,
  0.128308;12.646740;-3.891051;,
  0.226096;12.742762;-3.884036;,
  -0.000001;12.753414;-3.943303;,
  0.209610;12.813202;-3.863315;,
  -0.000001;12.882650;-3.899558;,
  -0.000001;12.515266;-3.853238;,
  0.168445;12.583183;-3.878420;,
  0.275414;12.724255;-3.812158;,
  0.479746;12.141298;-3.810036;,
  0.279776;12.218302;-3.869917;,
  0.302429;12.053938;-3.754074;,
  0.449329;11.993122;-3.684692;,
  0.703365;12.230286;-3.739639;,
  0.893022;12.180642;-3.627236;,
  0.881563;12.490362;-3.585655;,
  0.713933;12.521586;-3.704206;,
  0.280441;12.395210;-3.882686;,
  0.549478;12.295138;-3.831647;,
  0.591673;12.548369;-3.800521;,
  0.329866;12.606118;-3.864734;,
  0.256241;11.992240;-3.591406;,
  0.451281;11.897510;-3.525402;,
  1.027099;12.114669;-3.467558;,
  0.854524;11.937907;-3.485375;,
  -0.000001;12.196922;-3.758316;,
  0.109791;12.087628;-3.641744;,
  0.162983;12.155720;-3.852404;,
  0.124057;12.267767;-3.889130;,
  -0.000001;12.415413;-3.806591;,
  0.131893;12.430992;-3.898682;,
  0.349765;12.829363;-3.677221;,
  -0.000001;13.030787;-3.541716;,
  0.285025;12.971423;-3.527995;,
  0.385814;13.112877;-3.321590;,
  -0.000001;13.221608;-3.330963;,
  1.644071;11.291281;-2.717976;,
  1.931861;11.128003;-1.808670;,
  0.631310;13.033058;-3.201228;,
  0.498117;12.951853;-3.379101;,
  0.555801;12.703227;-3.705410;,
  0.354557;12.719729;-3.788094;,
  0.399300;12.842038;-3.530638;,
  0.492459;12.789195;-3.628882;,
  0.621558;12.752555;-3.564719;,
  0.609362;12.767911;-3.502621;,
  0.742591;12.664349;-3.543030;,
  0.680296;12.686459;-3.641788;,
  1.373090;12.377706;-3.245608;,
  1.010431;12.486074;-3.384793;,
  0.187301;11.771194;-3.655638;,
  -0.000001;11.771258;-3.697182;,
  -0.000001;11.674374;-3.660169;,
  0.208825;11.675932;-3.610809;,
  -0.000001;11.944693;-3.784090;,
  0.172833;11.931479;-3.745743;,
  0.177404;12.044860;-3.725691;,
  -0.000001;12.068734;-3.765716;,
  0.355269;11.940742;-3.501546;,
  0.266730;11.984102;-3.565897;,
  0.255805;11.898703;-3.601329;,
  0.309742;11.804968;-3.543134;,
  0.156689;11.870705;-3.644816;,
  1.083804;11.250813;-3.054133;,
  1.325551;11.017086;-2.778123;,
  0.507423;11.551791;-3.410604;,
  0.244287;11.468386;-3.452234;,
  0.324588;11.167292;-3.304821;,
  0.560097;11.322224;-3.224848;,
  -0.000001;11.117296;-3.301868;,
  -0.000001;11.451721;-3.465250;,
  0.546338;10.770369;-3.084882;,
  1.045999;10.878354;-2.936194;,
  0.802161;11.143734;-3.128415;,
  0.397548;11.042657;-3.215166;,
  0.713580;14.713208;-2.482697;,
  1.385314;14.536240;-2.348706;,
  2.263544;13.362011;-1.971728;,
  -0.000001;13.588016;-3.184510;,
  0.474598;13.490301;-3.167412;,
