xof 0303txt 0032
template Frame {
 <3d82ab46-62da-11cf-ab39-0020af71e433>
 [...]
}

template Matrix4x4 {
 <f6f23f45-7686-11cf-8f52-0040333594a3>
 array FLOAT matrix[16];
}

template FrameTransformMatrix {
 <f6f23f41-7686-11cf-8f52-0040333594a3>
 Matrix4x4 frameMatrix;
}


Frame Bone001 {
 

 FrameTransformMatrix {
  -0.000000,-0.177271,0.984162,0.000000,-1.000000,0.000000,-0.000000,0.000000,-0.000000,-0.984162,-0.177271,0.000000,0.085363,2.685539,-2.128122,1.000000;;
 }

 Frame Bone002 {
  

  FrameTransformMatrix {
   -0.494078,-0.082187,-0.865524,0.000000,-0.015450,0.996195,-0.085775,0.000000,0.869280,-0.029007,-0.493468,0.000000,-0.317452,-0.721262,-0.039850,1.000000;;
  }

  Frame Bone003 {
   

   FrameTransformMatrix {
    0.933995,0.066836,-0.350979,0.000000,-0.082187,0.996195,-0.029008,0.000000,0.347705,0.055939,0.935934,0.000000,1.177491,0.026092,0.105194,1.000000;;
   }
  }

  Frame Bone004 {
   

   FrameTransformMatrix {
    -0.577592,-0.071331,-0.813204,0.000000,-0.082188,0.996194,-0.029007,0.000000,0.812178,0.050081,-0.581256,0.000000,1.166637,0.026092,0.135946,1.000000;;
   }
  }
 }

 Frame Bone007 {
  

  FrameTransformMatrix {
   0.494079,-0.082187,0.865524,0.000000,0.015450,0.996195,0.085776,0.000000,-0.869280,-0.029007,0.493468,0.000000,-0.317452,0.721000,-0.039850,1.000000;;
  }

  Frame Bone006 {
   

   FrameTransformMatrix {
    0.933995,0.066836,-0.350979,0.000000,-0.082187,0.996195,-0.029008,0.000000,0.347705,0.055939,0.935934,0.000000,-1.177506,-0.025926,-0.105199,1.000000;;
   }
  }

  Frame Bone005 {
   

   FrameTransformMatrix {
    -0.577593,-0.071331,-0.813203,0.000000,-0.082188,0.996195,-0.029007,0.000000,0.812177,0.050081,-0.581257,0.000000,-1.166652,-0.025927,-0.135950,1.000000;;
   }
  }
 }

 Frame Bone016 {
  

  FrameTransformMatrix {
   -0.046898,-0.964446,-0.260084,0.000000,-0.984162,0.000051,0.177274,0.000000,-0.170958,0.264278,-0.949174,0.000000,1.982928,-1.588812,0.863493,1.000000;;
  }

  Frame Bone017 {
   

   FrameTransformMatrix {
    0.912302,0.000000,-0.409518,0.000000,-0.000000,1.000000,-0.000000,0.000000,0.409518,-0.000000,0.912302,0.000000,1.435855,0.000000,-0.000005,1.000000;;
   }

   Frame Bone018 {
    

    FrameTransformMatrix {
     0.796908,0.000000,-0.604100,0.000000,0.000000,1.000000,-0.000000,0.000000,0.604100,-0.000000,0.796908,0.000000,0.816266,0.000000,-0.000002,1.000000;;
    }

    Frame Bone019 {
     

     FrameTransformMatrix {
      0.948820,0.000000,-0.315818,0.000000,-0.000000,1.000000,-0.000000,0.000000,0.315818,-0.000000,0.948820,0.000000,1.072368,0.000000,0.000018,1.000000;;
     }

     Frame Bone049 {
      

      FrameTransformMatrix {
       0.612711,-0.070312,0.787172,0.000000,-0.789126,-0.000004,0.614231,0.000000,-0.043185,-0.997525,-0.055487,0.000000,1.124784,-0.000000,-0.000001,1.000000;;
      }
     }
    }
   }
  }
 }

 Frame Bone020 {
  

  FrameTransformMatrix {
   -0.390649,-0.900421,-0.191406,0.000000,-0.917976,0.365538,0.153957,0.000000,-0.068661,0.235849,-0.969361,0.000000,1.606374,-1.519471,0.931320,1.000000;;
  }

  Frame Bone021 {
   

   FrameTransformMatrix {
    0.914742,-0.000000,-0.404039,0.000000,0.000000,1.000000,0.000000,0.000000,0.404039,-0.000000,0.914742,0.000000,1.435855,0.000000,-0.000005,1.000000;;
   }

   Frame Bone022 {
    

    FrameTransformMatrix {
     0.801366,0.000000,-0.598175,0.000000,0.000000,1.000000,0.000000,0.000000,0.598175,-0.000000,0.801366,0.000000,0.816266,-0.000000,-0.000002,1.000000;;
    }

    Frame Bone023 {
     

     FrameTransformMatrix {
      0.950319,0.000000,-0.311277,0.000000,0.000000,1.000000,0.000000,0.000000,0.311277,0.000000,0.950319,0.000000,1.072368,0.000000,0.000018,1.000000;;
     }

     Frame Bone048 {
      

      FrameTransformMatrix {
       0.610911,-0.103688,0.784880,0.000000,-0.789131,0.000032,0.614224,0.000000,-0.063713,-0.994610,-0.081804,0.000000,1.124785,-0.000000,-0.000000,1.000000;;
      }
     }
    }
   }
  }
 }

 Frame Bone024 {
  

  FrameTransformMatrix {
   0.603541,-0.718085,-0.346543,0.000000,-0.719848,-0.677630,0.150452,0.000000,-0.342865,0.158654,-0.925890,0.000000,2.618329,-1.413769,0.749042,1.000000;;
  }

  Frame Bone025 {
   

   FrameTransformMatrix {
    0.922604,-0.000000,-0.385748,0.000000,-0.000000,1.000000,-0.000000,0.000000,0.385748,0.000000,0.922604,0.000000,1.435855,-0.000000,-0.000005,1.000000;;
   }

   Frame Bone026 {
    

    FrameTransformMatrix {
     0.815845,0.000000,-0.578270,0.000000,-0.000000,1.000000,-0.000000,0.000000,0.578270,0.000000,0.815845,0.000000,0.816266,0.000000,-0.000002,1.000000;;
    }

    Frame Bone027 {
     

     FrameTransformMatrix {
      0.955141,-0.000000,-0.296154,0.000000,-0.000000,1.000000,0.000000,0.000000,0.296153,-0.000000,0.955141,0.000000,1.072368,0.000000,0.000017,1.000000;;
     }

     Frame Bone051 {
      

      FrameTransformMatrix {
       0.612677,-0.063509,0.787777,0.000000,-0.789370,0.000001,0.613917,0.000000,-0.038990,-0.997981,-0.050132,0.000000,1.124785,0.000001,-0.000002,1.000000;;
      }
     }
    }
   }
  }
 }

 Frame Bone028 {
  

  FrameTransformMatrix {
   0.299518,-0.900468,-0.315350,0.000000,-0.914055,-0.365564,0.175689,0.000000,-0.273483,0.235626,-0.932570,0.000000,2.381356,-1.486935,0.791726,1.000000;;
  }

  Frame Bone029 {
   

   FrameTransformMatrix {
    0.914734,-0.000000,-0.404058,0.000000,0.000000,1.000000,0.000000,0.000000,0.404058,-0.000000,0.914733,0.000000,1.435855,-0.000000,-0.000005,1.000000;;
   }

   Frame Bone030 {
    

    FrameTransformMatrix {
     0.801350,-0.000000,-0.598196,0.000000,0.000000,1.000000,-0.000000,0.000000,0.598196,-0.000000,0.801350,0.000000,0.816266,-0.000000,-0.000002,1.000000;;
    }

    Frame Bone031 {
     

     FrameTransformMatrix {
      0.950315,0.000000,-0.311290,0.000000,0.000000,1.000000,0.000000,0.000000,0.311290,-0.000000,0.950315,0.000000,1.072368,0.000001,0.000018,1.000000;;
     }

     Frame Bone050 {
      

      FrameTransformMatrix {
       0.613441,-0.048735,0.788235,0.000000,-0.789173,-0.000015,0.614170,0.000000,-0.029920,-0.998811,-0.038470,0.000000,1.124758,0.000001,0.000021,1.000000;;
      }
     }
    }
   }
  }
 }

 Frame Bone045 {
  

  FrameTransformMatrix {
   0.387387,-0.903883,0.181458,0.000000,0.918870,0.362562,-0.155650,0.000000,0.074899,0.227033,0.971003,0.000000,1.606373,1.519000,0.931320,1.000000;;
  }

  Frame Bone043 {
   

   FrameTransformMatrix {
    0.918497,0.000000,-0.395430,0.000000,0.000000,1.000000,0.000000,0.000000,0.395430,-0.000000,0.918496,0.000000,-1.435856,-0.000000,0.000005,1.000000;;
   }

   Frame Bone044 {
    

    FrameTransformMatrix {
     0.808256,-0.000000,-0.588832,0.000000,-0.000000,1.000000,-0.000000,0.000000,0.588832,0.000000,0.808256,0.000000,-0.816265,-0.000000,0.000002,1.000000;;
    }

    Frame Bone046 {
     

     FrameTransformMatrix {
      0.952623,0.000000,-0.304153,0.000000,0.000000,1.000000,-0.000000,0.000000,0.304154,-0.000000,0.952623,0.000000,-1.072368,0.000000,-0.000018,1.000000;;
     }

     Frame Bone052 {
      

      FrameTransformMatrix {
       -0.613838,-0.034523,-0.788677,0.000000,0.789146,0.000046,-0.614205,0.000000,0.021241,-0.999404,0.027215,0.000000,-1.124785,0.000001,0.000000,1.000000;;
      }
     }
    }
   }
  }
 }

 Frame Bone036 {
  

  FrameTransformMatrix {
   0.043451,-0.969494,0.241234,0.000000,0.984163,0.000000,-0.177267,0.000000,0.171859,0.245116,0.954140,0.000000,1.982928,1.589000,0.863493,1.000000;;
  }

  Frame Bone037 {
   

   FrameTransformMatrix {
    0.918496,-0.000000,-0.395430,0.000000,0.000000,1.000000,-0.000000,0.000000,0.395430,0.000000,0.918496,0.000000,-1.435855,0.000000,0.000005,1.000000;;
   }

   Frame Bone038 {
    

    FrameTransformMatrix {
     0.808256,-0.000000,-0.588832,0.000000,0.000000,1.000000,-0.000000,0.000000,0.588832,0.000000,0.808256,0.000000,-0.816265,-0.000000,0.000002,1.000000;;
    }

    Frame Bone035 {
     

     FrameTransformMatrix {
      0.952624,0.000000,-0.304154,0.000000,0.000000,1.000000,-0.000000,0.000000,0.304154,-0.000000,0.952624,0.000000,-1.072368,-0.000000,-0.000017,1.000000;;
     }

     Frame Bone053 {
      

      FrameTransformMatrix {
       -0.609255,0.123257,-0.783337,0.000000,0.789355,-0.000004,-0.613936,0.000000,-0.075675,-0.992375,-0.097291,0.000000,-1.124783,0.000000,-0.000000,1.000000;;
      }
     }
    }
   }
  }
 }

 Frame Bone047 {
  

  FrameTransformMatrix {
   -0.603378,-0.722734,0.337032,0.000000,0.723918,-0.673683,-0.148642,0.000000,0.334481,0.154295,0.929686,0.000000,2.618330,1.414000,0.749041,1.000000;;
  }

  Frame Bone032 {
   

   FrameTransformMatrix {
    0.925718,-0.000000,-0.378215,0.000000,0.000000,1.000000,-0.000000,0.000000,0.378214,0.000000,0.925718,0.000000,-1.435855,0.000000,0.000005,1.000000;;
   }

   Frame Bone033 {
    

    FrameTransformMatrix {
     0.821634,0.000000,-0.570016,0.000000,-0.000000,1.000000,-0.000000,0.000000,0.570016,-0.000000,0.821634,0.000000,-0.816266,0.000000,0.000002,1.000000;;
    }

    Frame Bone034 {
     

     FrameTransformMatrix {
      0.957046,-0.000000,-0.289938,0.000000,-0.000000,1.000000,0.000000,0.000000,0.289937,0.000000,0.957046,0.000000,-1.072368,0.000000,-0.000018,1.000000;;
     }

     Frame Bone055 {
      

      FrameTransformMatrix {
       -0.613924,-0.002638,-0.789360,0.000000,0.789363,0.000000,-0.613926,0.000000,0.001620,-0.999997,0.002082,0.000000,-1.124785,0.000001,0.000000,1.000000;;
      }
     }
    }
   }
  }
 }

 Frame Bone039 {
  

  FrameTransformMatrix {
   -0.299765,-0.903994,0.304853,0.000000,0.915349,-0.362586,-0.175119,0.000000,0.268842,0.226553,0.936161,0.000000,2.381356,1.487000,0.791726,1.000000;;
  }

  Frame Bone040 {
   

   FrameTransformMatrix {
    0.918496,-0.000000,-0.395430,0.000000,-0.000000,1.000000,-0.000000,0.000000,0.395430,0.000000,0.918496,0.000000,-1.435855,0.000000,0.000005,1.000000;;
   }

   Frame Bone041 {
    

    FrameTransformMatrix {
     0.808256,0.000000,-0.588832,0.000000,0.000000,1.000000,0.000000,0.000000,0.588832,-0.000000,0.808256,0.000000,-0.816265,0.000000,0.000002,1.000000;;
    }

    Frame Bone042 {
     

     FrameTransformMatrix {
      0.952623,-0.000000,-0.304154,0.000000,-0.000000,1.000000,-0.000000,0.000000,0.304154,0.000000,0.952623,0.000000,-1.072368,0.000000,-0.000017,1.000000;;
     }

     Frame Bone054 {
      

      FrameTransformMatrix {
       -0.611195,0.094200,-0.785854,0.000000,0.789364,-0.000001,-0.613925,0.000000,-0.057832,-0.995554,-0.074357,0.000000,-1.124785,-0.000000,0.000000,1.000000;;
      }
     }
    }
   }
  }
 }

 Frame Bone008 {
  

  FrameTransformMatrix {
   -0.622833,-0.717952,0.310843,0.000000,-0.239942,-0.202876,-0.949352,0.000000,0.744652,-0.665872,-0.045909,0.000000,1.226232,-1.419860,0.647281,1.000000;;
  }

  Frame Bone009 {
   

   FrameTransformMatrix {
    0.220921,-0.081784,-0.971857,0.000000,-0.067647,0.992793,-0.098923,0.000000,0.972943,0.087597,0.213796,0.000000,1.916250,0.000000,0.000000,1.000000;;
   }

   Frame Bone010 {
    

    FrameTransformMatrix {
     0.953677,0.299583,-0.027396,0.000000,-0.299518,0.954068,0.006550,0.000000,0.028100,0.001959,0.999604,0.000000,0.865327,-0.000000,0.000000,1.000000;;
    }

    Frame Bone011 {
     

     FrameTransformMatrix {
      0.906253,-0.422618,-0.009974,0.000000,0.422593,0.906308,-0.004651,0.000000,0.011005,0.000000,0.999939,0.000000,1.604931,0.000000,0.000000,1.000000;;
     }
    }
   }
  }
 }

 Frame Bone012 {
  

  FrameTransformMatrix {
   0.701612,-0.674110,-0.230904,0.000000,0.200886,-0.123777,0.971763,0.000000,-0.683656,-0.728186,0.048576,0.000000,1.226233,1.420000,0.647281,1.000000;;
  }

  Frame Bone013 {
   

   FrameTransformMatrix {
    0.690450,0.222125,-0.688432,0.000000,-0.029536,0.959552,0.279980,0.000000,0.722777,-0.172979,0.669083,0.000000,-1.916250,0.000000,-0.000000,1.000000;;
   }

   Frame Bone014 {
    

    FrameTransformMatrix {
     0.586301,-0.422618,-0.691119,0.000000,0.273397,0.906308,-0.322274,0.000000,0.762565,-0.000000,0.646912,0.000000,-0.865327,0.000000,-0.000000,1.000000;;
    }

    Frame Bone015 {
     

     FrameTransformMatrix {
      0.906253,-0.422618,-0.009974,0.000000,0.422593,0.906308,-0.004651,0.000000,0.011005,0.000000,0.999939,0.000000,-1.604931,0.000000,0.000000,1.000000;;
     }
    }
   }
  }
 }
}