xof 0303txt 0032
template Frame {
 <3d82ab46-62da-11cf-ab39-0020af71e433>
 [...]
}

template Matrix4x4 {
 <f6f23f45-7686-11cf-8f52-0040333594a3>
 array FLOAT matrix[16];
}

template FrameTransformMatrix {
 <f6f23f41-7686-11cf-8f52-0040333594a3>
 Matrix4x4 frameMatrix;
}


Frame Bone005 {
 

 FrameTransformMatrix {
  -0.000002,-0.005014,0.000000,0.000000,-0.000000,-0.000000,-0.005014,0.000000,0.005014,-0.000002,-0.000000,0.000000,39.432000,34.392451,-0.000000,1.000000;;
 }

 Frame Bone006 {
  

  FrameTransformMatrix {
   1.000000,-0.000000,0.000302,0.000000,-0.000000,1.000000,0.000000,0.000000,-0.000302,-0.000000,1.000000,0.000000,3.189941,0.000001,0.000000,1.000000;;
  }

  Frame Bone007 {
   

   FrameTransformMatrix {
    1.000000,0.000000,0.000000,0.000000,0.000000,1.000000,-0.000000,0.000000,-0.000000,0.000000,1.000000,0.000000,2.833984,0.000000,0.000000,1.000000;;
   }

   Frame Bone008 {
    

    FrameTransformMatrix {
     1.000000,-0.000000,0.000000,0.000000,0.000000,1.000000,0.000002,0.000000,-0.000000,-0.000002,1.000000,0.000000,2.256348,0.000000,0.000000,1.000000;;
    }

    Frame Bone009 {
     

     FrameTransformMatrix {
      1.000000,0.000000,-0.000000,0.000000,-0.000000,1.000000,-0.000000,0.000000,0.000000,0.000000,1.000000,0.000000,2.690918,0.000000,0.000000,1.000000;;
     }

     Frame Bone010 {
      

      FrameTransformMatrix {
       1.000000,0.000000,-0.000000,0.000000,0.000000,1.000000,-0.000000,0.000000,0.000000,0.000000,1.000000,0.000000,2.439453,0.000000,0.000000,1.000000;;
      }

      Frame Bone011 {
       

       FrameTransformMatrix {
        1.000000,-0.000000,0.000000,0.000000,0.000000,1.000000,0.000000,0.000000,-0.000000,-0.000000,1.000000,0.000000,2.928711,0.000000,0.000000,1.000000;;
       }

       Frame Bone012 {
        

        FrameTransformMatrix {
         1.000000,-0.000000,-0.000000,0.000000,0.000000,1.000000,0.000000,0.000000,0.000000,0.000000,1.000000,0.000000,2.141113,0.000000,0.000000,1.000000;;
        }

        Frame Bone013 {
         

         FrameTransformMatrix {
          1.000000,-0.000000,0.000000,0.000000,0.000000,1.000000,0.000000,0.000000,-0.000000,-0.000000,1.000000,0.000000,1.913086,0.000000,0.000000,1.000000;;
         }

         Frame Bone014 {
          

          FrameTransformMatrix {
           1.000000,0.000000,0.000000,0.000000,0.000000,1.000000,-0.000000,0.000000,-0.000000,-0.000000,1.000000,0.000000,10.057129,0.000001,0.000000,1.000000;;
          }

          Frame Bone029 {
           

           FrameTransformMatrix {
            -0.714606,-0.000000,0.699528,0.000000,-0.000000,-1.000000,-0.000000,0.000000,0.699528,-0.000001,0.714606,0.000000,0.387207,0.000001,-1.620117,1.000000;;
           }

           Frame Bone026 {
            

            FrameTransformMatrix {
             0.979842,-0.000000,-0.199775,0.000000,0.000000,1.000000,-0.000000,0.000000,0.199775,0.000000,0.979842,0.000000,-5.237305,-0.000000,0.000000,1.000000;;
            }

            Frame Bone027 {
             

             FrameTransformMatrix {
              0.970850,0.000000,-0.239688,0.000000,-0.000000,1.000000,0.000000,0.000000,0.239688,-0.000000,0.970850,0.000000,-3.056641,-0.000000,0.000244,1.000000;;
             }

             Frame Bone028 {
              

              FrameTransformMatrix {
               0.667597,-0.000000,-0.744523,0.000000,0.000000,1.000000,-0.000000,0.000000,0.744523,0.000000,0.667597,0.000000,-2.630859,-0.000000,0.000000,1.000000;;
              }

              Frame Bone030 {
               

               FrameTransformMatrix {
                1.000000,0.000000,-0.000000,0.000000,-0.000000,1.000000,-0.000000,0.000000,0.000000,0.000000,1.000000,0.000000,-5.877930,-0.000000,0.000000,1.000000;;
               }
              }
             }
            }
           }
          }

          Frame Bone015 {
           

           FrameTransformMatrix {
            0.714841,-0.000000,0.699287,0.000000,0.000000,1.000000,0.000000,0.000000,-0.699287,-0.000000,0.714841,0.000000,0.387207,0.000000,1.620606,1.000000;;
           }

           Frame Bone016 {
            

            FrameTransformMatrix {
             0.979842,-0.000000,-0.199775,0.000000,-0.000000,1.000000,-0.000000,0.000000,0.199775,-0.000000,0.979842,0.000000,5.238281,-0.000000,0.000977,1.000000;;
            }

            Frame Bone017 {
             

             FrameTransformMatrix {
              0.970850,0.000000,-0.239688,0.000000,-0.000000,1.000000,0.000000,0.000000,0.239688,0.000000,0.970850,0.000000,3.056641,0.000000,0.000000,1.000000;;
             }

             Frame Bone018 {
              

              FrameTransformMatrix {
               0.667597,0.000000,-0.744523,0.000000,0.000000,1.000000,0.000000,0.000000,0.744523,0.000000,0.667597,0.000000,2.629639,0.000000,0.000000,1.000000;;
              }

              Frame Bone019 {
               

               FrameTransformMatrix {
                1.000000,0.000000,-0.000000,0.000000,-0.000000,1.000000,0.000000,0.000000,0.000000,0.000000,1.000000,0.000000,5.877930,0.000001,0.000244,1.000000;;
               }
              }
             }
            }
           }
          }
         }

         Frame Bone022 {
          

          FrameTransformMatrix {
           0.342178,-0.000000,0.939635,0.000000,-2.632562,-2.801679,0.958674,0.000000,2.632557,-2.801685,-0.958672,0.000000,7.606934,-0.000002,3.321289,1.000000;;
          }

          Frame Bone023 {
           

           FrameTransformMatrix {
            1.000000,0.000000,0.000000,0.000000,0.000000,1.000000,0.000000,0.000000,-0.000000,0.000000,1.000000,0.000000,6.540527,0.000122,0.000000,1.000000;;
           }
          }
         }

         Frame Bone024 {
          

          FrameTransformMatrix {
           -0.341862,-0.000000,0.939750,0.000000,2.632883,2.801681,0.957789,0.000000,-2.632881,2.801683,-0.957788,0.000000,7.605957,0.000000,-3.320801,1.000000;;
          }

          Frame Bone025 {
           

           FrameTransformMatrix {
            1.000000,-0.000000,-0.000000,0.000000,0.000000,1.000000,0.000000,0.000000,-0.000000,-0.000000,1.000000,0.000000,-6.540039,0.000000,0.000000,1.000000;;
           }
          }
         }

         Frame Dummy001 {
          

          FrameTransformMatrix {
           -0.249022,-0.000000,0.000042,0.000000,-0.000000,1.000000,0.000000,0.000000,-0.000168,0.000000,-1.000000,0.000000,0.979004,-0.000004,0.053223,1.000000;;
          }

          Frame Bone003 {
           

           FrameTransformMatrix {
            -0.000224,1.000000,0.000062,0.000000,0.002403,0.000291,-4.734587,0.000000,-19.012749,0.001457,0.002392,0.000000,-1.212891,0.000002,0.052246,1.000000;;
           }

           Frame Bone004 {
            

            FrameTransformMatrix {
             1.000000,-0.000000,-0.000000,0.000000,-0.000000,1.000000,0.000000,0.000000,0.000000,0.000000,1.000000,0.000000,4.082281,0.000000,0.000000,1.000000;;
            }
           }
          }
         }

         Frame Dummy002 {
          

          FrameTransformMatrix {
           -0.249022,-0.000000,0.000042,0.000000,-0.000000,1.000000,0.000000,0.000000,-0.000168,0.000000,-1.000000,0.000000,7.173340,-0.000002,0.052734,1.000000;;
          }

          Frame Bone020 {
           

           FrameTransformMatrix {
            0.000000,1.000000,0.000000,0.000000,0.000003,0.000001,-4.734586,0.000000,-19.012749,0.000004,-0.000014,0.000000,-0.306641,0.000003,0.052734,1.000000;;
           }

           Frame Bone021 {
            

            FrameTransformMatrix {
             1.000000,0.000000,-0.000000,0.000000,0.000000,1.000000,0.000000,0.000000,0.000000,-0.000000,1.000000,0.000000,4.083732,0.000000,0.000000,1.000000;;
            }
           }
          }
         }
        }
       }
      }
     }
    }
   }
  }
 }
}