xof 0303txt 0032
template Frame {
 <3d82ab46-62da-11cf-ab39-0020af71e433>
 [...]
}

template Matrix4x4 {
 <f6f23f45-7686-11cf-8f52-0040333594a3>
 array FLOAT matrix[16];
}

template FrameTransformMatrix {
 <f6f23f41-7686-11cf-8f52-0040333594a3>
 Matrix4x4 frameMatrix;
}


Frame flag_Bone_root {
 

 FrameTransformMatrix {
  1.000000,0.000000,0.000000,0.000000,0.000000,-0.000000,-1.000000,0.000000,0.000000,1.000000,-0.000000,0.000000,0.707959,72.558547,0.000000,1.000000;;
 }

 Frame flag_Bone001 {
  

  FrameTransformMatrix {
   1.000000,0.000000,0.000000,0.000000,0.000000,1.000000,0.000000,0.000000,0.000000,0.000000,1.000000,0.000000,0.000000,-0.000000,4.800003,1.000000;;
  }

  Frame flag_Bone002 {
   

   FrameTransformMatrix {
    0.991558,-0.115649,0.058640,0.000000,0.115823,0.993270,0.000436,0.000000,-0.058296,0.006360,0.998279,0.000000,3.200000,0.000000,0.000000,1.000000;;
   }

   Frame flag_Bone003 {
    

    FrameTransformMatrix {
     0.981060,-0.172987,0.087156,0.000000,0.173648,0.984808,-0.000000,0.000000,-0.085832,0.015134,0.996195,0.000000,3.200000,-0.000000,-0.000008,1.000000;;
    }

    Frame flag_Bone004 {
     

     FrameTransformMatrix {
      0.989322,-0.130027,0.065842,0.000000,0.129740,0.991511,0.008635,0.000000,-0.066405,0.000000,0.997793,0.000000,3.200001,-0.000000,0.000000,1.000000;;
     }
    }
   }
  }
 }

 Frame flag_Bone005 {
  

  FrameTransformMatrix {
   0.997325,-0.065152,0.033150,0.000000,0.065116,0.997875,0.002164,0.000000,-0.033221,0.000000,0.999448,0.000000,0.000000,0.000000,1.599999,1.000000;;
  }

  Frame flag_Bone006 {
   

   FrameTransformMatrix {
    0.985481,-0.151543,0.076558,0.000000,0.151088,0.988451,0.011737,0.000000,-0.077452,0.000000,0.996996,0.000000,3.200000,0.000000,0.000000,1.000000;;
   }

   Frame flag_Bone007 {
    

    FrameTransformMatrix {
     0.982220,-0.167634,0.084518,0.000000,0.167016,0.985849,0.014371,0.000000,-0.085731,0.000000,0.996318,0.000000,3.200001,0.000000,-0.000008,1.000000;;
    }

    Frame flag_Bone008 {
     

     FrameTransformMatrix {
      0.996860,-0.070573,0.035898,0.000000,0.070527,0.997507,0.002540,0.000000,-0.035988,-0.000000,0.999352,0.000000,3.199999,0.000000,-0.000008,1.000000;;
     }
    }
   }
  }
 }

 Frame flag_Bone009 {
  

  FrameTransformMatrix {
   0.991558,-0.115649,0.058640,0.000000,0.115447,0.993290,0.006827,0.000000,-0.059036,-0.000000,0.998256,0.000000,0.000000,0.000000,-1.599999,1.000000;;
  }

  Frame flag_Bone010 {
   

   FrameTransformMatrix {
    0.981060,-0.172987,0.087156,0.000000,0.172309,0.984924,0.015308,0.000000,-0.088490,0.000000,0.996077,0.000000,3.200000,-0.000000,-0.000008,1.000000;;
   }

   Frame flag_Bone011 {
    

    FrameTransformMatrix {
     0.989322,-0.130027,0.065842,0.000000,0.129740,0.991510,0.008635,0.000000,-0.066405,0.000000,0.997793,0.000000,3.199999,-0.000000,0.000008,1.000000;;
    }

    Frame flag_Bone012 {
     

     FrameTransformMatrix {
      1.000000,0.000000,-0.000000,0.000000,0.000000,1.000000,-0.000000,0.000000,0.000000,0.000000,1.000000,0.000000,3.200001,0.000000,0.000000,1.000000;;
     }
    }
   }
  }
 }

 Frame flag_Bone013 {
  

  FrameTransformMatrix {
   0.985481,-0.151543,0.076558,0.000000,0.151088,0.988451,0.011737,0.000000,-0.077452,0.000000,0.996996,0.000000,0.000000,0.000000,-4.800003,1.000000;;
  }

  Frame flag_Bone014 {
   

   FrameTransformMatrix {
    0.982220,-0.167634,0.084518,0.000000,0.167016,0.985850,0.014371,0.000000,-0.085731,0.000000,0.996318,0.000000,3.200000,0.000000,0.000008,1.000000;;
   }

   Frame flag_Bone015 {
    

    FrameTransformMatrix {
     0.996861,-0.070573,0.035898,0.000000,0.070527,0.997507,0.002540,0.000000,-0.035988,-0.000000,0.999352,0.000000,3.200001,0.000000,0.000000,1.000000;;
    }

    Frame flag_Bone016 {
     

     FrameTransformMatrix {
      0.996860,0.070573,-0.035899,0.000000,-0.070527,0.997507,0.002540,0.000000,0.035988,-0.000000,0.999352,0.000000,3.200003,0.000001,0.000000,1.000000;;
     }
    }
   }
  }
 }
}