xof 0303txt 0032
template Frame {
 <3d82ab46-62da-11cf-ab39-0020af71e433>
 [...]
}

template Matrix4x4 {
 <f6f23f45-7686-11cf-8f52-0040333594a3>
 array FLOAT matrix[16];
}

template FrameTransformMatrix {
 <f6f23f41-7686-11cf-8f52-0040333594a3>
 Matrix4x4 frameMatrix;
}


Frame Grip {
 

 FrameTransformMatrix {
  -0.000000,0.870140,-0.492805,0.000000,-1.000000,0.000000,0.000000,0.000000,0.000000,0.492805,0.870140,0.000000,0.000000,-0.420536,0.177648,1.000000;;
 }

 Frame Body {
  

  FrameTransformMatrix {
   0.492805,-0.000000,-0.870140,0.000000,0.000000,1.000000,-0.000000,0.000000,0.870140,0.000000,0.492805,0.000000,1.264536,-0.000000,-0.000000,1.000000;;
  }

  Frame Bone01 {
   

   FrameTransformMatrix {
    1.000000,0.000000,-0.000000,0.000000,0.000000,1.000000,0.000000,0.000000,-0.000000,-0.000000,1.000000,0.000000,2.339288,0.000000,0.000000,1.000000;;
   }
  }

  Frame Trigger {
   

   FrameTransformMatrix {
    0.249351,-0.000000,-0.968413,0.000000,-0.000000,1.000000,-0.000000,0.000000,0.968413,0.000000,0.249351,0.000000,0.215482,0.000000,0.154739,1.000000;;
   }

   Frame Tg_End {
    

    FrameTransformMatrix {
     1.000000,0.000000,0.000000,0.000000,-0.000000,1.000000,0.000001,0.000000,-0.000000,-0.000001,1.000000,0.000000,0.338195,0.000000,0.000000,1.000000;;
    }
   }
  }

  Frame Ro {
   

   FrameTransformMatrix {
    1.000000,0.000000,-0.000000,0.000000,0.000000,1.000000,-0.000000,0.000000,-0.000000,0.000000,1.000000,0.000000,0.128892,0.000000,0.299005,1.000000;;
   }

   Frame ro2 {
    

    FrameTransformMatrix {
     1.000000,0.000000,-0.000000,0.000000,0.000000,1.000000,0.000000,0.000000,-0.000000,0.000000,1.000000,0.000000,2.073683,-0.000000,0.000000,1.000000;;
    }
   }
  }

  Frame Bone002 {
   

   FrameTransformMatrix {
    0.999992,-0.004106,0.000016,0.000000,-0.004106,-0.999992,-0.000001,0.000000,0.000016,0.000001,-1.000000,0.000000,0.373107,0.006943,1.136118,1.000000;;
   }

   Frame Bone003 {
    

    FrameTransformMatrix {
     1.000000,-0.000000,0.000000,0.000000,0.000000,1.000000,0.000000,0.000000,-0.000000,-0.000000,1.000000,0.000000,1.990330,-0.000000,-0.000000,1.000000;;
    }
   }
  }
 }
}