xof 0303txt 0032
template Frame {
 <3d82ab46-62da-11cf-ab39-0020af71e433>
 [...]
}

template Matrix4x4 {
 <f6f23f45-7686-11cf-8f52-0040333594a3>
 array FLOAT matrix[16];
}

template FrameTransformMatrix {
 <f6f23f41-7686-11cf-8f52-0040333594a3>
 Matrix4x4 frameMatrix;
}


Frame Bone_center {
 

 FrameTransformMatrix {
  -0.008007,0.998154,0.060200,0.000000,-0.999957,-0.008280,0.004285,0.000000,0.004775,-0.060163,0.998177,0.000000,-0.000000,0.062884,-0.025045,1.000000;;
 }

 Frame Bone06 {
  

  FrameTransformMatrix {
   0.993293,-0.007403,0.115384,0.000000,0.008007,0.999957,-0.004771,0.000000,-0.115344,0.005663,0.993309,0.000000,2.383148,-0.019335,-0.052911,1.000000;;
  }
 }

 Frame char1 {
  

  FrameTransformMatrix {
   0.998154,-0.008280,-0.060163,0.000000,0.008007,0.999957,-0.004775,0.000000,0.060200,0.004284,0.998177,0.000000,9.053072,-0.069417,0.644041,1.000000;;
  }

  Frame Bone08 {
   

   FrameTransformMatrix {
    1.000000,-0.000000,0.000000,0.000000,0.000000,1.000000,0.000000,0.000000,0.000000,0.000000,1.000000,0.000000,1.903019,0.000000,-0.000000,1.000000;;
   }
  }
 }

 Frame bone_bs_head {
  

  FrameTransformMatrix {
   -0.914691,0.005403,-0.404118,0.000000,0.006748,0.999975,-0.001905,0.000000,0.404098,-0.004470,-0.914705,0.000000,12.431306,-0.120772,-4.446796,1.000000;;
  }

  Frame bone_bs_tire_front {
   

   FrameTransformMatrix {
    0.973098,0.000000,-0.230391,0.000000,-0.007213,0.999510,-0.030465,0.000000,0.230278,0.031308,0.972621,0.000000,10.186330,-0.000002,0.029891,1.000000;;
   }

   Frame Bone17 {
    

    FrameTransformMatrix {
     0.964996,0.237265,0.111752,0.000000,-0.243819,0.968583,0.048984,0.000000,-0.096619,-0.074516,0.992528,0.000000,3.639712,-0.000000,-0.000001,1.000000;;
    }
   }
  }
 }

 Frame bone_bs_tire_back {
  

  FrameTransformMatrix {
   0.896532,-0.009619,-0.442875,0.000000,-0.008162,-0.999953,0.005196,0.000000,-0.442905,-0.001043,-0.896568,0.000000,4.603500,0.007959,8.641184,1.000000;;
  }

  Frame Bone04 {
   

   FrameTransformMatrix {
    0.916733,-0.001719,-0.399496,0.000000,0.000898,0.999997,-0.002241,0.000000,0.399499,0.001695,0.916732,0.000000,3.977650,0.000000,0.000000,1.000000;;
   }
  }
 }

 Frame front_wheel {
  

  FrameTransformMatrix {
   0.998154,-0.008280,-0.060163,0.000000,0.008007,0.999957,-0.004775,0.000000,0.060200,0.004284,0.998177,0.000000,-0.748148,-0.047959,-11.300048,1.000000;;
  }

  Frame Bone13 {
   

   FrameTransformMatrix {
    1.000000,0.000000,-0.000000,0.000000,0.000000,1.000000,-0.000000,0.000000,0.000000,-0.000000,1.000000,0.000000,1.513843,0.000000,0.000000,1.000000;;
   }
  }
 }

 Frame back_wheel {
  

  FrameTransformMatrix {
   0.998154,-0.008280,-0.060163,0.000000,0.008007,0.999957,-0.004775,0.000000,0.060200,0.004284,0.998177,0.000000,0.717258,0.047421,11.135595,1.000000;;
  }

  Frame Bone15 {
   

   FrameTransformMatrix {
    1.000000,0.000000,0.000000,0.000000,0.000000,1.000000,-0.000000,0.000000,-0.000000,-0.000000,1.000000,0.000000,1.625979,0.000000,0.000001,1.000000;;
   }
  }
 }

 Frame char2 {
  

  FrameTransformMatrix {
   0.998154,-0.008280,-0.060162,0.000000,0.008007,0.999957,-0.004774,0.000000,0.060199,0.004284,0.998177,0.000000,7.531534,8.219422,5.548433,1.000000;;
  }

  Frame Bone10 {
   

   FrameTransformMatrix {
    1.000000,-0.000000,-0.000000,0.000000,0.000000,1.000000,-0.000001,0.000000,0.000000,0.000001,1.000000,0.000000,1.863382,0.000003,-0.000013,1.000000;;
   }
  }
 }

 Frame Right_tire {
  

  FrameTransformMatrix {
   0.387369,-0.002758,-0.921921,0.000000,0.921917,-0.002879,0.387376,0.000000,-0.003723,-0.999992,0.001427,0.000000,4.157518,13.175682,6.699159,1.000000;;
  }

  Frame Bone019 {
   

   FrameTransformMatrix {
    0.999073,0.043054,-0.000585,0.000000,-0.043058,0.999003,-0.011795,0.000000,0.000077,0.011809,0.999930,0.000000,3.585434,0.000000,-0.000001,1.000000;;
   }
  }
 }
}